,mouse_id,month,treatment,structure_volume
10815,#317,m1,No UV,9.419765281
5250,#258,m1,No UV,11.27018893
12547,#974,m1,No UV,11.88844074
5242,#258,m1,No UV,12.75763492
6382,#263,m1,No UV,12.75907545
8704,#289,m1,No UV,12.75907545
2927,#009,m1,No UV,12.76051455
10674,#317,m1,No UV,12.76051455
714,#003,m1,No UV,12.76195222
5822,#258,m1,No UV,12.76195222
8923,#289,m1,No UV,12.76195222
11551,#970,m1,No UV,12.76195222
12337,#974,m1,No UV,12.76195222
8060,#282,m1,No UV,12.76482325
967,#003,m1,No UV,12.76625663
5270,#258,m1,No UV,12.76911912
7992,#282,m1,No UV,12.76911912
9230,#291,m1,No UV,12.76911912
12263,#974,m1,No UV,12.77054824
12237,#974,m1,No UV,12.77197594
3199,#009,m1,No UV,12.77340224
6818,#263,m1,No UV,12.77340224
9817,#303,m1,No UV,12.77340224
2780,#009,m1,No UV,12.7762506
8696,#289,m1,No UV,12.7762506
5774,#258,m1,No UV,12.77767267
6783,#263,m1,No UV,12.77767267
9869,#303,m1,No UV,12.77767267
5387,#258,m1,No UV,12.77909335
5567,#258,m1,No UV,12.78051263
12260,#974,m1,No UV,12.78051263
3877,#022,m1,No UV,12.78193051
6474,#263,m1,No UV,12.783347
11492,#970,m1,No UV,12.783347
12476,#974,m1,No UV,12.783347
2910,#009,m1,No UV,12.7847621
10444,#317,m1,No UV,12.7847621
10568,#317,m1,No UV,12.78617581
5821,#258,m1,No UV,12.78758814
8210,#282,m1,No UV,12.78758814
11637,#970,m1,No UV,12.78758814
3824,#022,m1,No UV,12.78899909
5385,#258,m1,No UV,12.78899909
7929,#282,m1,No UV,12.79040866
10590,#317,m1,No UV,12.79040866
6354,#263,m1,No UV,12.79181686
6813,#263,m1,No UV,12.79181686
982,#003,m1,No UV,12.79462913
6429,#263,m1,No UV,12.79462913
977,#003,m1,No UV,12.79603321
4111,#131,m1,No UV,12.79743593
6864,#263,m1,No UV,12.79743593
5738,#258,m1,No UV,12.80023728
4096,#131,m1,No UV,12.80163592
914,#003,m1,No UV,12.8030332
1883,#006,m1,No UV,12.8030332
5245,#258,m1,No UV,12.8030332
8167,#282,m1,No UV,12.8030332
6444,#263,m1,No UV,12.80442913
7179,#281,m1,No UV,12.80442913
8729,#289,m1,No UV,12.80442913
11708,#970,m1,No UV,12.80442913
6243,#263,m1,No UV,12.80582371
2860,#009,m1,No UV,12.80999939
5566,#258,m1,No UV,12.80999939
10783,#317,m1,No UV,12.80999939
6861,#263,m1,No UV,12.8113886
4092,#131,m1,No UV,12.81277647
11631,#970,m1,No UV,12.81554822
720,#003,m1,No UV,12.8169321
1818,#006,m1,No UV,12.8169321
8081,#282,m1,No UV,12.8169321
11684,#970,m1,No UV,12.8169321
9220,#291,m1,No UV,12.82245439
9322,#291,m1,No UV,12.82245439
11670,#970,m1,No UV,12.82383166
12367,#974,m1,No UV,12.82383166
5819,#258,m1,No UV,12.82520762
6773,#263,m1,No UV,12.83069838
9149,#291,m1,No UV,12.83069838
10735,#317,m1,No UV,12.83069838
12731,#974,m1,No UV,12.83069838
10489,#317,m1,No UV,12.83343595
3792,#022,m1,No UV,12.83616832
11487,#970,m1,No UV,12.83616832
1576,#006,m1,No UV,12.83753257
3097,#009,m1,No UV,12.83753257
12616,#974,m1,No UV,12.83753257
12657,#974,m1,No UV,12.83753257
7997,#282,m1,No UV,12.83889554
7928,#282,m1,No UV,12.84025721
8899,#289,m1,No UV,12.84025721
11624,#970,m1,No UV,12.84025721
1773,#006,m1,No UV,12.8416176
5629,#258,m1,No UV,12.8416176
3126,#009,m1,No UV,12.84297671
8920,#289,m1,No UV,12.84297671
10648,#317,m1,No UV,12.84433454
5587,#258,m1,No UV,12.8456911
915,#003,m1,No UV,12.84840038
1729,#006,m1,No UV,12.84840038
10003,#303,m1,No UV,12.84840038
12541,#974,m1,No UV,12.8524548
851,#003,m1,No UV,12.85380374
11529,#970,m1,No UV,12.85380374
6379,#263,m1,No UV,12.85918694
8116,#282,m1,No UV,12.86052961
9327,#291,m1,No UV,12.86052961
2840,#009,m1,No UV,12.86187102
12595,#974,m1,No UV,12.8632112
6375,#263,m1,No UV,12.86455012
12537,#974,m1,No UV,12.86455012
1558,#006,m1,No UV,12.86588781
10742,#317,m1,No UV,12.86588781
11688,#970,m1,No UV,12.86588781
769,#003,m1,No UV,12.86722426
8133,#282,m1,No UV,12.86722426
6247,#263,m1,No UV,12.86855947
10074,#303,m1,No UV,12.86855947
12196,#974,m1,No UV,12.86855947
6534,#263,m1,No UV,12.86989345
6613,#263,m1,No UV,12.86989345
5202,#258,m1,No UV,12.87122619
8928,#289,m1,No UV,12.87122619
905,#003,m1,No UV,12.87388799
3149,#009,m1,No UV,12.87388799
6360,#263,m1,No UV,12.8791969
9840,#303,m1,No UV,12.8791969
9951,#303,m1,No UV,12.8791969
12553,#974,m1,No UV,12.8791969
9825,#303,m1,No UV,12.88052108
5208,#258,m1,No UV,12.88184405
10817,#317,m1,No UV,12.88184405
11800,#970,m1,No UV,12.8831658
1808,#006,m1,No UV,12.88448635
6281,#263,m1,No UV,12.88448635
12413,#974,m1,No UV,12.88448635
5748,#258,m1,No UV,12.88844074
6701,#263,m1,No UV,12.89369647
10053,#303,m1,No UV,12.89369647
3728,#022,m1,No UV,12.89500742
1850,#006,m1,No UV,12.89631717
2855,#009,m1,No UV,12.89762574
7275,#281,m1,No UV,12.89762574
581,#003,m1,No UV,12.89893312
5680,#258,m1,No UV,12.90023932
2879,#009,m1,No UV,12.90154433
12385,#974,m1,No UV,12.90154433
5435,#258,m1,No UV,12.90284817
4182,#131,m1,No UV,12.90415083
5433,#258,m1,No UV,12.90545231
5714,#258,m1,No UV,12.90545231
12681,#974,m1,No UV,12.90545231
2566,#009,m1,No UV,12.90675262
5701,#258,m1,No UV,12.90675262
8642,#289,m1,No UV,12.90675262
10076,#303,m1,No UV,12.90675262
4094,#131,m1,No UV,12.90805176
8067,#282,m1,No UV,12.90934973
12261,#974,m1,No UV,12.90934973
12424,#974,m1,No UV,12.90934973
3207,#009,m1,No UV,12.91323666
11408,#970,m1,No UV,12.91452997
2605,#009,m1,No UV,12.91582213
6255,#263,m1,No UV,12.91582213
6305,#263,m1,No UV,12.91582213
6210,#263,m1,No UV,12.91711313
11539,#970,m1,No UV,12.91840298
4122,#131,m1,No UV,12.91969168
11685,#970,m1,No UV,12.91969168
4075,#131,m1,No UV,12.92355087
8006,#282,m1,No UV,12.92483498
1570,#006,m1,No UV,12.92611795
9317,#291,m1,No UV,12.92611795
8075,#282,m1,No UV,12.92739977
9955,#303,m1,No UV,12.92739977
533,#003,m1,No UV,12.92996001
6648,#263,m1,No UV,12.92996001
8877,#289,m1,No UV,12.92996001
830,#003,m1,No UV,12.93123843
5373,#258,m1,No UV,12.93123843
11351,#970,m1,No UV,12.93251572
12254,#974,m1,No UV,12.93251572
747,#003,m1,No UV,12.93379188
3742,#022,m1,No UV,12.93379188
1730,#006,m1,No UV,12.9350669
3677,#022,m1,No UV,12.9350669
4179,#131,m1,No UV,12.9350669
1686,#006,m1,No UV,12.93761359
8730,#289,m1,No UV,12.93761359
3874,#022,m1,No UV,12.93888524
11613,#970,m1,No UV,12.93888524
10495,#317,m1,No UV,12.94015578
519,#003,m1,No UV,12.9414252
3998,#022,m1,No UV,12.9426935
2856,#009,m1,No UV,12.94396069
6802,#263,m1,No UV,12.94522677
9303,#291,m1,No UV,12.94522677
1870,#006,m1,No UV,12.94649174
3669,#022,m1,No UV,12.94649174
3884,#022,m1,No UV,12.94649174
7932,#282,m1,No UV,12.94649174
5431,#258,m1,No UV,12.9477556
10784,#317,m1,No UV,12.9477556
10531,#317,m1,No UV,12.94901835
2742,#009,m1,No UV,12.95028
8927,#289,m1,No UV,12.95028
2591,#009,m1,No UV,12.95154054
6245,#263,m1,No UV,12.95154054
12661,#974,m1,No UV,12.95154054
10639,#317,m1,No UV,12.95405834
9884,#303,m1,No UV,12.95531559
3197,#009,m1,No UV,12.95908078
6732,#263,m1,No UV,12.95908078
6849,#263,m1,No UV,12.95908078
10527,#317,m1,No UV,12.95908078
12414,#974,m1,No UV,12.95908078
7231,#281,m1,No UV,12.96033366
1757,#006,m1,No UV,12.96158546
10565,#317,m1,No UV,12.96158546
12730,#974,m1,No UV,12.96158546
1564,#006,m1,No UV,12.96283617
6798,#263,m1,No UV,12.96283617
2902,#009,m1,No UV,12.9640858
5313,#258,m1,No UV,12.9640858
1824,#006,m1,No UV,12.96533434
4188,#131,m1,No UV,12.96658181
5306,#258,m1,No UV,12.96658181
10447,#317,m1,No UV,12.96658181
12302,#974,m1,No UV,12.96658181
12195,#974,m1,No UV,12.9678282
12268,#974,m1,No UV,12.9678282
11697,#970,m1,No UV,12.96907351
1727,#006,m1,No UV,12.97031775
1554,#006,m1,No UV,12.97156092
512,#003,m1,No UV,12.97280301
3021,#009,m1,No UV,12.97404404
9321,#291,m1,No UV,12.975284
8008,#282,m1,No UV,12.9765229
8912,#289,m1,No UV,12.9765229
835,#003,m1,No UV,12.97899751
1518,#006,m1,No UV,12.97899751
12381,#974,m1,No UV,12.98146788
7175,#281,m1,No UV,12.98393402
9319,#291,m1,No UV,12.98516552
3737,#022,m1,No UV,12.98762535
3124,#009,m1,No UV,12.9888537
6663,#263,m1,No UV,12.9888537
4173,#131,m1,No UV,12.99008101
6440,#263,m1,No UV,12.99130727
6621,#263,m1,No UV,12.99253249
10370,#317,m1,No UV,12.99253249
10398,#317,m1,No UV,12.99375666
8832,#289,m1,No UV,12.99497981
4232,#131,m1,No UV,12.99620191
8804,#289,m1,No UV,12.99620191
2736,#009,m1,No UV,12.99742298
10739,#317,m1,No UV,12.99864302
946,#003,m1,No UV,13.00108001
2951,#009,m1,No UV,13.00108001
11481,#970,m1,No UV,13.00108001
11736,#970,m1,No UV,13.00108001
6479,#263,m1,No UV,13.00351288
12299,#974,m1,No UV,13.00351288
11599,#970,m1,No UV,13.00472778
5569,#258,m1,No UV,13.00594166
12373,#974,m1,No UV,13.00594166
5624,#258,m1,No UV,13.00715452
3711,#022,m1,No UV,13.00836636
5673,#258,m1,No UV,13.00836636
8053,#282,m1,No UV,13.00836636
995,#003,m1,No UV,13.00957718
9842,#303,m1,No UV,13.00957718
1719,#006,m1,No UV,13.01320356
6723,#263,m1,No UV,13.01320356
7273,#281,m1,No UV,13.01441034
10379,#317,m1,No UV,13.01441034
521,#003,m1,No UV,13.0156161
2995,#009,m1,No UV,13.01682085
3113,#009,m1,No UV,13.01682085
3076,#009,m1,No UV,13.0180246
4023,#131,m1,No UV,13.01922735
6618,#263,m1,No UV,13.01922735
9824,#303,m1,No UV,13.01922735
591,#003,m1,No UV,13.0204291
5376,#258,m1,No UV,13.0204291
5501,#258,m1,No UV,13.0204291
8113,#282,m1,No UV,13.02162984
8640,#289,m1,No UV,13.02162984
10675,#317,m1,No UV,13.02162984
3955,#022,m1,No UV,13.02282959
6516,#263,m1,No UV,13.02402834
1553,#006,m1,No UV,13.02522609
619,#003,m1,No UV,13.02642285
7124,#281,m1,No UV,13.02642285
9935,#303,m1,No UV,13.0288134
11480,#970,m1,No UV,13.0288134
788,#003,m1,No UV,13.03000719
8176,#282,m1,No UV,13.03000719
11484,#970,m1,No UV,13.03000719
814,#003,m1,No UV,13.03119999
3919,#022,m1,No UV,13.03119999
6801,#263,m1,No UV,13.03119999
1514,#006,m1,No UV,13.03358264
5243,#258,m1,No UV,13.03358264
10492,#317,m1,No UV,13.03358264
10751,#317,m1,No UV,13.03358264
8206,#282,m1,No UV,13.0347725
12684,#974,m1,No UV,13.03714926
5747,#258,m1,No UV,13.03833617
11812,#970,m1,No UV,13.03833617
1751,#006,m1,No UV,13.03952211
3921,#022,m1,No UV,13.03952211
12416,#974,m1,No UV,13.03952211
9939,#303,m1,No UV,13.04070708
10071,#303,m1,No UV,13.04189107
1715,#006,m1,No UV,13.04307409
9311,#291,m1,No UV,13.04307409
1683,#006,m1,No UV,13.04543723
10750,#317,m1,No UV,13.04661735
5564,#258,m1,No UV,13.0477965
886,#003,m1,No UV,13.0489747
8033,#282,m1,No UV,13.05015193
9936,#303,m1,No UV,13.05015193
5249,#258,m1,No UV,13.0513282
10811,#317,m1,No UV,13.05250351
560,#003,m1,No UV,13.05367786
2921,#009,m1,No UV,13.05367786
12265,#974,m1,No UV,13.05367786
9324,#291,m1,No UV,13.05602371
4083,#131,m1,No UV,13.05953534
3997,#022,m1,No UV,13.06070399
12425,#974,m1,No UV,13.06187169
11410,#970,m1,No UV,13.06536913
502,#003,m1,No UV,13.06653307
1678,#006,m1,No UV,13.06769606
2941,#009,m1,No UV,13.06885812
3091,#009,m1,No UV,13.06885812
1857,#006,m1,No UV,13.07001924
8913,#289,m1,No UV,13.07001924
12297,#974,m1,No UV,13.07001924
3775,#022,m1,No UV,13.07117943
2762,#009,m1,No UV,13.07233869
10530,#317,m1,No UV,13.07233869
11689,#970,m1,No UV,13.07233869
12252,#974,m1,No UV,13.07349701
8874,#289,m1,No UV,13.07465441
12430,#974,m1,No UV,13.07465441
9167,#291,m1,No UV,13.07812104
6373,#263,m1,No UV,13.07927474
6597,#263,m1,No UV,13.08042751
9249,#291,m1,No UV,13.08042751
6698,#263,m1,No UV,13.08157936
11405,#970,m1,No UV,13.08388031
534,#003,m1,No UV,13.08502941
1666,#006,m1,No UV,13.08502941
9157,#291,m1,No UV,13.08502941
12666,#974,m1,No UV,13.08502941
6776,#263,m1,No UV,13.0861776
12659,#974,m1,No UV,13.0861776
3210,#009,m1,No UV,13.08732487
3947,#022,m1,No UV,13.08732487
9997,#303,m1,No UV,13.08732487
3883,#022,m1,No UV,13.08847123
8132,#282,m1,No UV,13.08847123
8830,#289,m1,No UV,13.08847123
654,#003,m1,No UV,13.08961668
1822,#006,m1,No UV,13.08961668
10802,#317,m1,No UV,13.08961668
2621,#009,m1,No UV,13.09076122
2684,#009,m1,No UV,13.09076122
10388,#317,m1,No UV,13.09076122
10641,#317,m1,No UV,13.09190486
8679,#289,m1,No UV,13.09418941
11633,#970,m1,No UV,13.09418941
12475,#974,m1,No UV,13.09647035
722,#003,m1,No UV,13.09760947
3829,#022,m1,No UV,13.09760947
3813,#022,m1,No UV,13.09988502
996,#003,m1,No UV,13.10102144
3860,#022,m1,No UV,13.10102144
919,#003,m1,No UV,13.10215698
6844,#263,m1,No UV,13.10215698
8099,#282,m1,No UV,13.10329162
5681,#258,m1,No UV,13.10555822
12466,#974,m1,No UV,13.10555822
2948,#009,m1,No UV,13.10669019
8661,#289,m1,No UV,13.10669019
11482,#970,m1,No UV,13.10669019
11553,#970,m1,No UV,13.10669019
1618,#006,m1,No UV,13.10895147
10077,#303,m1,No UV,13.10895147
5191,#258,m1,No UV,13.11008078
11370,#970,m1,No UV,13.11120921
12603,#974,m1,No UV,13.11233676
8201,#282,m1,No UV,13.11346342
8676,#289,m1,No UV,13.11571412
8658,#289,m1,No UV,13.11683815
570,#003,m1,No UV,13.11908359
760,#003,m1,No UV,13.120205
5620,#258,m1,No UV,13.120205
1515,#006,m1,No UV,13.12132554
4142,#131,m1,No UV,13.12132554
11785,#970,m1,No UV,13.12132554
918,#003,m1,No UV,13.12244521
5715,#258,m1,No UV,13.12356401
2747,#009,m1,No UV,13.12468195
11407,#970,m1,No UV,13.12468195
12676,#974,m1,No UV,13.12691522
4060,#131,m1,No UV,13.12914504
1507,#006,m1,No UV,13.13025866
1614,#006,m1,No UV,13.13025866
11464,#970,m1,No UV,13.13025866
7990,#282,m1,No UV,13.13137143
1577,#006,m1,No UV,13.13248333
3994,#022,m1,No UV,13.13248333
8827,#289,m1,No UV,13.13248333
6782,#263,m1,No UV,13.13359438
9228,#291,m1,No UV,13.13359438
5383,#258,m1,No UV,13.13470457
11783,#970,m1,No UV,13.13581391
3740,#022,m1,No UV,13.13692239
837,#003,m1,No UV,13.13913682
8155,#282,m1,No UV,13.14024275
9764,#303,m1,No UV,13.14024275
3699,#022,m1,No UV,13.14245209
9816,#303,m1,No UV,13.14245209
3878,#022,m1,No UV,13.14796067
7036,#281,m1,No UV,13.14905986
6490,#263,m1,No UV,13.15015822
10643,#317,m1,No UV,13.15015822
10475,#317,m1,No UV,13.15125575
4538,#131,m1,No UV,13.15235244
6529,#263,m1,No UV,13.15344829
6296,#263,m1,No UV,13.15454332
11694,#970,m1,No UV,13.15454332
12600,#974,m1,No UV,13.15454332
11709,#970,m1,No UV,13.15782341
12283,#974,m1,No UV,13.15782341
989,#003,m1,No UV,13.15891512
7994,#282,m1,No UV,13.15891512
10490,#317,m1,No UV,13.16000601
12727,#974,m1,No UV,13.16000601
3190,#009,m1,No UV,13.16109607
11726,#970,m1,No UV,13.16218531
2624,#009,m1,No UV,13.16327372
9233,#291,m1,No UV,13.16327372
9302,#291,m1,No UV,13.16327372
6408,#263,m1,No UV,13.16544809
11765,#970,m1,No UV,13.16544809
9147,#291,m1,No UV,13.16653405
1756,#006,m1,No UV,13.16761919
8202,#282,m1,No UV,13.16870352
4058,#131,m1,No UV,13.17086973
4249,#131,m1,No UV,13.17086973
8208,#282,m1,No UV,13.17195161
1849,#006,m1,No UV,13.17519241
8761,#289,m1,No UV,13.17627106
10818,#970,m1,No UV,13.17734891
11734,#970,m1,No UV,13.17734891
3038,#009,m1,No UV,13.17842595
10732,#317,m1,No UV,13.17842595
12376,#974,m1,No UV,13.17842595
6211,#263,m1,No UV,13.17950218
782,#003,m1,No UV,13.18057762
9241,#291,m1,No UV,13.18057762
9144,#291,m1,No UV,13.18272608
11784,#970,m1,No UV,13.18272608
3962,#022,m1,No UV,13.18487136
10452,#317,m1,No UV,13.18808329
5739,#258,m1,No UV,13.18915235
10807,#317,m1,No UV,13.19022062
12694,#974,m1,No UV,13.19022062
777,#003,m1,No UV,13.19235479
1875,#006,m1,No UV,13.19235479
12559,#974,m1,No UV,13.19235479
6751,#263,m1,No UV,13.1944858
9316,#291,m1,No UV,13.1944858
11760,#970,m1,No UV,13.1944858
902,#003,m1,No UV,13.19555012
7047,#281,m1,No UV,13.19661367
8878,#289,m1,No UV,13.19661367
4005,#022,m1,No UV,13.19767643
6658,#263,m1,No UV,13.19767643
12308,#974,m1,No UV,13.19767643
10753,#317,m1,No UV,13.1987384
2689,#009,m1,No UV,13.1997996
8039,#282,m1,No UV,13.1997996
11406,#970,m1,No UV,13.1997996
9811,#303,m1,No UV,13.20086001
8070,#282,m1,No UV,13.20191965
12620,#974,m1,No UV,13.20191965
6728,#263,m1,No UV,13.2050939
6855,#263,m1,No UV,13.20931539
2953,#009,m1,No UV,13.21142152
750,#003,m1,No UV,13.21352457
5617,#258,m1,No UV,13.21352457
6581,#263,m1,No UV,13.21352457
12340,#974,m1,No UV,13.21352457
667,#003,m1,No UV,13.21457495
5634,#258,m1,No UV,13.21457495
6374,#263,m1,No UV,13.21457495
11377,#970,m1,No UV,13.21562456
725,#003,m1,No UV,13.21876883
6377,#263,m1,No UV,13.22190627
1549,#006,m1,No UV,13.22295056
1575,#006,m1,No UV,13.22295056
8925,#289,m1,No UV,13.22295056
1770,#006,m1,No UV,13.22607892
12680,#974,m1,No UV,13.2271202
530,#003,m1,No UV,13.22816073
816,#003,m1,No UV,13.22816073
1637,#006,m1,No UV,13.22816073
5823,#258,m1,No UV,13.22816073
7265,#281,m1,No UV,13.23127783
829,#003,m1,No UV,13.23231537
8086,#282,m1,No UV,13.2343882
3934,#022,m1,No UV,13.23542351
11453,#970,m1,No UV,13.23542351
11822,#970,m1,No UV,13.23749189
6810,#263,m1,No UV,13.23852497
2696,#009,m1,No UV,13.23955731
7196,#281,m1,No UV,13.23955731
12377,#974,m1,No UV,13.23955731
3155,#009,m1,No UV,13.24161977
11611,#970,m1,No UV,13.24161977
5623,#258,m1,No UV,13.2426499
2944,#009,m1,No UV,13.2436793
9221,#291,m1,No UV,13.2436793
12610,#974,m1,No UV,13.24470796
9240,#291,m1,No UV,13.24676308
707,#003,m1,No UV,13.24778954
10044,#303,m1,No UV,13.24778954
12420,#974,m1,No UV,13.24984028
1643,#006,m1,No UV,13.25086456
4213,#131,m1,No UV,13.25188811
8921,#289,m1,No UV,13.25188811
839,#003,m1,No UV,13.25495441
2922,#009,m1,No UV,13.25597507
8182,#282,m1,No UV,13.25597507
3123,#009,m1,No UV,13.256995
8066,#282,m1,No UV,13.256995
5824,#263,m1,No UV,13.26005048
3174,#009,m1,No UV,13.26106754
5434,#258,m1,No UV,13.26106754
9164,#291,m1,No UV,13.26106754
12675,#974,m1,No UV,13.26208388
1566,#006,m1,No UV,13.26512861
3766,#022,m1,No UV,13.26614209
8852,#289,m1,No UV,13.26614209
12226,#974,m1,No UV,13.26614209
8180,#282,m1,No UV,13.26715487
12338,#974,m1,No UV,13.26816693
724,#003,m1,No UV,13.26917828
1613,#006,m1,No UV,13.26917828
6371,#263,m1,No UV,13.26917828
9956,#303,m1,No UV,13.26917828
12529,#974,m1,No UV,13.26917828
10645,#317,m1,No UV,13.27119886
642,#003,m1,No UV,13.27220809
4216,#131,m1,No UV,13.27220809
12691,#974,m1,No UV,13.27220809
5498,#258,m1,No UV,13.27321662
7930,#282,m1,No UV,13.27422444
3002,#009,m1,No UV,13.27523156
7037,#281,m1,No UV,13.27925301
665,#003,m1,No UV,13.28025662
8000,#282,m1,No UV,13.28125954
11540,#970,m1,No UV,13.28326328
12401,#974,m1,No UV,13.28326328
2737,#009,m1,No UV,13.28426411
5246,#258,m1,No UV,13.28426411
11376,#970,m1,No UV,13.28426411
910,#003,m1,No UV,13.28526425
1858,#006,m1,No UV,13.28626369
10652,#317,m1,No UV,13.28626369
2620,#009,m1,No UV,13.28925787
3873,#022,m1,No UV,13.28925787
5803,#258,m1,No UV,13.29125054
3015,#009,m1,No UV,13.29224585
9308,#291,m1,No UV,13.29324047
12480,#974,m1,No UV,13.29522765
12594,#974,m1,No UV,13.29522765
1562,#006,m1,No UV,13.2972121
1775,#006,m1,No UV,13.2972121
12645,#974,m1,No UV,13.30018367
3923,#022,m1,No UV,13.30117283
5512,#258,m1,No UV,13.30314912
10500,#317,m1,No UV,13.30314912
11797,#970,m1,No UV,13.30314912
12399,#974,m1,No UV,13.30314912
5320,#258,m1,No UV,13.3061085
3012,#009,m1,No UV,13.30709361
1582,#006,m1,No UV,13.30906182
2851,#009,m1,No UV,13.30906182
5684,#258,m1,No UV,13.31004491
5820,#258,m1,No UV,13.31004491
10078,#303,m1,No UV,13.31004491
1714,#006,m1,No UV,13.3120091
8801,#289,m1,No UV,13.3120091
12462,#974,m1,No UV,13.3120091
4119,#131,m1,No UV,13.31397062
8929,#289,m1,No UV,13.31397062
11749,#970,m1,No UV,13.31397062
1814,#006,m1,No UV,13.31495038
3765,#022,m1,No UV,13.31495038
5678,#258,m1,No UV,13.31592947
5745,#258,m1,No UV,13.31592947
8810,#289,m1,No UV,13.3169079
8931,#289,m1,No UV,13.3169079
9231,#291,m1,No UV,13.3169079
12732,#974,m1,No UV,13.3169079
3189,#009,m1,No UV,13.31788567
6256,#263,m1,No UV,13.31788567
12238,#974,m1,No UV,13.31788567
6253,#263,m1,No UV,13.31983921
6499,#263,m1,No UV,13.320815
7030,#281,m1,No UV,13.320815
10399,#317,m1,No UV,13.32179012
3209,#009,m1,No UV,13.32276459
6753,#263,m1,No UV,13.32276459
8051,#282,m1,No UV,13.32276459
3041,#009,m1,No UV,13.32373839
6803,#263,m1,No UV,13.32373839
8117,#282,m1,No UV,13.32568404
6437,#263,m1,No UV,13.32665588
12604,#974,m1,No UV,13.32762706
5318,#258,m1,No UV,13.32956747
770,#003,m1,No UV,13.33150528
5721,#258,m1,No UV,13.33150528
2904,#009,m1,No UV,13.3324732
6594,#263,m1,No UV,13.3324732
9782,#303,m1,No UV,13.3324732
10387,#317,m1,No UV,13.3324732
1864,#006,m1,No UV,13.33344048
12400,#974,m1,No UV,13.33344048
767,#003,m1,No UV,13.33440711
4002,#022,m1,No UV,13.33537309
5677,#258,m1,No UV,13.33923057
3723,#022,m1,No UV,13.34019333
5322,#258,m1,No UV,13.34019333
6742,#263,m1,No UV,13.34019333
8861,#289,m1,No UV,13.34019333
11445,#970,m1,No UV,13.34019333
10443,#317,m1,No UV,13.34115545
10699,#317,m1,No UV,13.34115545
12513,#974,m1,No UV,13.34115545
10055,#303,m1,No UV,13.34211692
12503,#974,m1,No UV,13.34211692
7180,#281,m1,No UV,13.34403796
6679,#263,m1,No UV,13.34595643
1817,#006,m1,No UV,13.34787236
8657,#289,m1,No UV,13.34787236
10727,#317,m1,No UV,13.34882937
12584,#974,m1,No UV,13.34882937
5638,#258,m1,No UV,13.34978575
10775,#317,m1,No UV,13.3507415
2909,#009,m1,No UV,13.35169661
11449,#970,m1,No UV,13.35169661
9826,#303,m1,No UV,13.35360493
9999,#303,m1,No UV,13.35551074
6637,#263,m1,No UV,13.3564627
2943,#009,m1,No UV,13.36026427
2604,#009,m1,No UV,13.3612131
3762,#022,m1,No UV,13.3612131
6764,#263,m1,No UV,13.3612131
11378,#970,m1,No UV,13.3621613
8873,#289,m1,No UV,13.36405585
12310,#974,m1,No UV,13.36500219
6518,#263,m1,No UV,13.36689301
7201,#281,m1,No UV,13.36689301
8809,#289,m1,No UV,13.36689301
6502,#263,m1,No UV,13.37066723
2955,#009,m1,No UV,13.37255064
3704,#022,m1,No UV,13.37349143
12184,#974,m1,No UV,13.37349143
12375,#974,m1,No UV,13.37349143
8177,#282,m1,No UV,13.3744316
12300,#974,m1,No UV,13.37537116
8107,#282,m1,No UV,13.37631011
9126,#291,m1,No UV,13.37631011
12275,#974,m1,No UV,13.37631011
5740,#258,m1,No UV,13.37818618
6650,#263,m1,No UV,13.38099571
993,#003,m1,No UV,13.38193101
7958,#282,m1,No UV,13.3828657
5699,#258,m1,No UV,13.38379978
6217,#263,m1,No UV,13.38659842
5622,#258,m1,No UV,13.38846116
3027,#009,m1,No UV,13.3903215
5497,#258,m1,No UV,13.3903215
8098,#282,m1,No UV,13.39310753
11630,#970,m1,No UV,13.39310753
786,#003,m1,No UV,13.39496189
5239,#258,m1,No UV,13.39588818
6602,#263,m1,No UV,13.39588818
963,#003,m1,No UV,13.3995874
1726,#006,m1,No UV,13.3995874
3028,#009,m1,No UV,13.40143346
11552,#970,m1,No UV,13.40419813
2992,#009,m1,No UV,13.40511851
10505,#317,m1,No UV,13.4060383
7245,#281,m1,No UV,13.4069575
4236,#131,m1,No UV,13.40787613
4024,#131,m1,No UV,13.40879416
6376,#263,m1,No UV,13.40971162
586,#003,m1,No UV,13.41154477
5380,#258,m1,No UV,13.41154477
1718,#006,m1,No UV,13.41246048
10400,#317,m1,No UV,13.41337561
12242,#974,m1,No UV,13.41429015
12674,#974,m1,No UV,13.41429015
12737,#974,m1,No UV,13.41429015
10781,#317,m1,No UV,13.41520412
8681,#289,m1,No UV,13.41703031
8806,#289,m1,No UV,13.41703031
5797,#258,m1,No UV,13.41794255
4022,#131,m1,No UV,13.41976528
8009,#282,m1,No UV,13.41976528
3144,#009,m1,No UV,13.42158572
5437,#258,m1,No UV,13.42158572
9953,#303,m1,No UV,13.42249507
11695,#970,m1,No UV,13.42340386
1639,#006,m1,No UV,13.42431207
5750,#258,m1,No UV,13.42431207
11791,#970,m1,No UV,13.42612678
2772,#009,m1,No UV,13.42793921
5562,#258,m1,No UV,13.42793921
6441,#263,m1,No UV,13.42793921
10594,#317,m1,No UV,13.42793921
10503,#317,m1,No UV,13.43155726
11727,#970,m1,No UV,13.43155726
4224,#131,m1,No UV,13.43336288
1674,#006,m1,No UV,13.43516625
4095,#131,m1,No UV,13.43516625
11666,#970,m1,No UV,13.43606709
11735,#970,m1,No UV,13.43606709
8198,#282,m1,No UV,13.43696737
2776,#009,m1,No UV,13.43966484
8165,#282,m1,No UV,13.44146035
9304,#291,m1,No UV,13.44146035
12622,#974,m1,No UV,13.44146035
1517,#006,m1,No UV,13.44235727
2626,#009,m1,No UV,13.44235727
5381,#258,m1,No UV,13.44325363
12382,#974,m1,No UV,13.44325363
4091,#131,m1,No UV,13.44504469
6532,#263,m1,No UV,13.44593938
7931,#282,m1,No UV,13.44683352
10570,#317,m1,No UV,13.44683352
11485,#970,m1,No UV,13.44683352
8756,#289,m1,No UV,13.44772711
10046,#303,m1,No UV,13.44772711
5496,#258,m1,No UV,13.45040455
5561,#258,m1,No UV,13.45040455
8638,#289,m1,No UV,13.45040455
12733,#974,m1,No UV,13.45040455
6520,#263,m1,No UV,13.45218676
8153,#282,m1,No UV,13.45218676
528,#003,m1,No UV,13.45307704
12418,#974,m1,No UV,13.45307704
671,#003,m1,No UV,13.45396677
10745,#317,m1,No UV,13.45396677
4153,#131,m1,No UV,13.45574458
8824,#289,m1,No UV,13.45574458
889,#003,m1,No UV,13.4575202
2984,#009,m1,No UV,13.4575202
6304,#263,m1,No UV,13.4575202
6676,#263,m1,No UV,13.4575202
11365,#970,m1,No UV,13.4584072
11704,#970,m1,No UV,13.4584072
9992,#303,m1,No UV,13.46017955
4003,#022,m1,No UV,13.46194973
11598,#970,m1,No UV,13.46371774
10736,#317,m1,No UV,13.46460093
11548,#970,m1,No UV,13.46460093
12615,#974,m1,No UV,13.46460093
2918,#009,m1,No UV,13.46548358
3908,#022,m1,No UV,13.46548358
5563,#258,m1,No UV,13.46724727
641,#003,m1,No UV,13.4681283
3822,#022,m1,No UV,13.4681283
3952,#022,m1,No UV,13.4681283
10635,#317,m1,No UV,13.4681283
11793,#970,m1,No UV,13.46988876
8118,#282,m1,No UV,13.47340325
4237,#131,m1,No UV,13.47428053
7178,#281,m1,No UV,13.47428053
11821,#970,m1,No UV,13.4760335
12650,#974,m1,No UV,13.4760335
5568,#258,m1,No UV,13.47690919
1584,#006,m1,No UV,13.47778435
3031,#009,m1,No UV,13.47778435
6338,#263,m1,No UV,13.47778435
5347,#258,m1,No UV,13.47865897
12602,#974,m1,No UV,13.47953307
6424,#263,m1,No UV,13.48127967
12566,#974,m1,No UV,13.48127967
8026,#282,m1,No UV,13.48215218
8864,#289,m1,No UV,13.48302416
6425,#263,m1,No UV,13.48563695
7096,#281,m1,No UV,13.48563695
6436,#263,m1,No UV,13.48650683
11544,#970,m1,No UV,13.48650683
5241,#258,m1,No UV,13.48911333
11761,#970,m1,No UV,13.48911333
6209,#263,m1,No UV,13.48998112
7246,#281,m1,No UV,13.48998112
5545,#258,m1,No UV,13.49084838
5374,#258,m1,No UV,13.49258135
3830,#022,m1,No UV,13.49344705
1508,#006,m1,No UV,13.49431223
6492,#263,m1,No UV,13.49431223
11710,#970,m1,No UV,13.49431223
5690,#258,m1,No UV,13.49863039
12408,#974,m1,No UV,13.49863039
7200,#281,m1,No UV,13.50035404
8917,#289,m1,No UV,13.50035404
494,#003,m1,No UV,13.5012151
4042,#131,m1,No UV,13.50207564
2756,#009,m1,No UV,13.50551267
2546,#009,m1,No UV,13.50722812
12323,#974,m1,No UV,13.50722812
9761,#303,m1,No UV,13.50808508
9238,#291,m1,No UV,13.50894154
5818,#258,m1,No UV,13.50979748
10665,#317,m1,No UV,13.50979748
4021,#131,m1,No UV,13.51065292
3801,#022,m1,No UV,13.51150785
9315,#291,m1,No UV,13.51150785
1769,#006,m1,No UV,13.51236227
12289,#974,m1,No UV,13.51236227
6792,#263,m1,No UV,13.51406961
8770,#289,m1,No UV,13.51577492
3715,#022,m1,No UV,13.51747822
6775,#263,m1,No UV,13.51747822
951,#003,m1,No UV,13.51832912
9783,#303,m1,No UV,13.51917951
4248,#131,m1,No UV,13.5200294
5234,#258,m1,No UV,13.5200294
6603,#263,m1,No UV,13.52342398
8001,#282,m1,No UV,13.52427138
8131,#282,m1,No UV,13.52511828
12472,#974,m1,No UV,13.52511828
916,#003,m1,No UV,13.52596469
927,#003,m1,No UV,13.52596469
1615,#006,m1,No UV,13.52681059
11612,#970,m1,No UV,13.527656
12651,#974,m1,No UV,13.527656
3907,#022,m1,No UV,13.52850092
459,#003,m1,No UV,13.52934534
1633,#006,m1,No UV,13.53018927
5628,#258,m1,No UV,13.53018927
6359,#263,m1,No UV,13.53018927
10054,#303,m1,No UV,13.53018927
5489,#258,m1,No UV,13.53103271
979,#003,m1,No UV,13.53187565
3133,#009,m1,No UV,13.5327181
9166,#291,m1,No UV,13.53356006
10698,#317,m1,No UV,13.53356006
6851,#263,m1,No UV,13.53440152
9996,#303,m1,No UV,13.53440152
9812,#303,m1,No UV,13.5352425
2597,#009,m1,No UV,13.53608299
3735,#022,m1,No UV,13.53692298
5436,#258,m1,No UV,13.53692298
6816,#263,m1,No UV,13.53692298
12351,#974,m1,No UV,13.53776249
2654,#009,m1,No UV,13.53860151
6744,#263,m1,No UV,13.53944004
5228,#258,m1,No UV,13.54027809
10449,#317,m1,No UV,13.54111565
5307,#258,m1,No UV,13.54529616
9326,#291,m1,No UV,13.54529616
12539,#974,m1,No UV,13.54613082
6494,#263,m1,No UV,13.54696498
6677,#263,m1,No UV,13.54696498
8699,#289,m1,No UV,13.54696498
5580,#258,m1,No UV,13.54863188
1675,#006,m1,No UV,13.55112861
8875,#289,m1,No UV,13.55112861
7986,#282,m1,No UV,13.5527907
938,#003,m1,No UV,13.55362103
3991,#022,m1,No UV,13.55362103
4114,#131,m1,No UV,13.55362103
6241,#263,m1,No UV,13.55445088
3125,#009,m1,No UV,13.55528025
8916,#289,m1,No UV,13.55610915
4157,#131,m1,No UV,13.55693757
7039,#281,m1,No UV,13.55776552
11814,#970,m1,No UV,13.55859299
6366,#263,m1,No UV,13.55941998
3793,#022,m1,No UV,13.56024651
6569,#263,m1,No UV,13.56107255
994,#003,m1,No UV,13.56189813
5749,#258,m1,No UV,13.56189813
6585,#263,m1,No UV,13.56354787
12262,#974,m1,No UV,13.56354787
5812,#258,m1,No UV,13.56684169
6198,#263,m1,No UV,13.56684169
12227,#974,m1,No UV,13.56766398
5205,#258,m1,No UV,13.57012802
11827,#970,m1,No UV,13.57176837
3784,#022,m1,No UV,13.57258786
12185,#974,m1,No UV,13.57258786
6220,#263,m1,No UV,13.57340687
8181,#282,m1,No UV,13.57340687
2610,#009,m1,No UV,13.57422542
666,#003,m1,No UV,13.57586113
10476,#317,m1,No UV,13.57586113
12669,#974,m1,No UV,13.57586113
1866,#006,m1,No UV,13.57667829
9872,#303,m1,No UV,13.57667829
5247,#258,m1,No UV,13.57749499
8660,#289,m1,No UV,13.57831122
6734,#263,m1,No UV,13.57912699
768,#003,m1,No UV,13.57994231
1803,#006,m1,No UV,13.58157155
783,#003,m1,No UV,13.58238548
6669,#263,m1,No UV,13.58319896
6422,#263,m1,No UV,13.58401197
11623,#970,m1,No UV,13.58401197
958,#003,m1,No UV,13.58482453
9994,#303,m1,No UV,13.58563663
5802,#258,m1,No UV,13.58644827
1550,#006,m1,No UV,13.58725946
7999,#282,m1,No UV,13.58725946
9925,#303,m1,No UV,13.58725946
11755,#970,m1,No UV,13.58725946
7120,#281,m1,No UV,13.58888046
5447,#258,m1,No UV,13.59130856
8831,#289,m1,No UV,13.59130856
11597,#970,m1,No UV,13.59130856
11411,#970,m1,No UV,13.59211702
11828,#970,m1,No UV,13.59211702
12199,#974,m1,No UV,13.59211702
7165,#281,m1,No UV,13.59534633
10521,#317,m1,No UV,13.59615253
12336,#974,m1,No UV,13.59615253
498,#003,m1,No UV,13.59695828
1568,#006,m1,No UV,13.59856843
8869,#289,m1,No UV,13.59937284
4189,#131,m1,No UV,13.60178336
5391,#258,m1,No UV,13.60178336
12720,#974,m1,No UV,13.60178336
8926,#289,m1,No UV,13.60338813
10696,#317,m1,No UV,13.60338813
12301,#974,m1,No UV,13.60418985
12593,#974,m1,No UV,13.60739228
8126,#282,m1,No UV,13.60899084
6228,#263,m1,No UV,13.61058762
8159,#282,m1,No UV,13.61058762
12557,#974,m1,No UV,13.61138535
961,#003,m1,No UV,13.61218264
836,#003,m1,No UV,13.61297949
2952,#009,m1,No UV,13.6137759
4231,#131,m1,No UV,13.61457187
11494,#970,m1,No UV,13.61457187
650,#003,m1,No UV,13.6153674
3949,#022,m1,No UV,13.61616249
6573,#263,m1,No UV,13.61695715
6349,#263,m1,No UV,13.61775137
11618,#970,m1,No UV,13.61775137
12739,#974,m1,No UV,13.61775137
8179,#282,m1,No UV,13.61854515
5256,#258,m1,No UV,13.62092387
11808,#970,m1,No UV,13.62092387
3104,#009,m1,No UV,13.62171591
9309,#291,m1,No UV,13.62250751
11490,#970,m1,No UV,13.62250751
6815,#263,m1,No UV,13.62408941
10812,#317,m1,No UV,13.62408941
4121,#131,m1,No UV,13.62724802
10564,#317,m1,No UV,13.62803659
10809,#317,m1,No UV,13.62803659
11635,#970,m1,No UV,13.62803659
3709,#022,m1,No UV,13.62882474
11604,#970,m1,No UV,13.62961245
5675,#258,m1,No UV,13.63039973
972,#003,m1,No UV,13.63197301
3198,#009,m1,No UV,13.63197301
10050,#303,m1,No UV,13.63197301
5503,#258,m1,No UV,13.63432971
12611,#974,m1,No UV,13.63432971
6657,#263,m1,No UV,13.63511443
12617,#974,m1,No UV,13.63511443
4019,#131,m1,No UV,13.63746601
2622,#009,m1,No UV,13.63824902
8743,#289,m1,No UV,13.63824902
10037,#303,m1,No UV,13.63824902
12398,#974,m1,No UV,13.63824902
1764,#006,m1,No UV,13.6390316
8659,#289,m1,No UV,13.6390316
3703,#022,m1,No UV,13.6405955
1557,#006,m1,No UV,13.64137681
2567,#009,m1,No UV,13.64137681
10441,#317,m1,No UV,13.64137681
11807,#970,m1,No UV,13.64137681
2812,#009,m1,No UV,13.6421577
8702,#289,m1,No UV,13.64449784
9301,#291,m1,No UV,13.64605583
652,#003,m1,No UV,13.64683419
6852,#263,m1,No UV,13.64683419
12464,#974,m1,No UV,13.64916676
6759,#263,m1,No UV,13.652271
4227,#131,m1,No UV,13.65304602
12249,#974,m1,No UV,13.65382062
3043,#009,m1,No UV,13.65459481
9133,#291,m1,No UV,13.65459481
12534,#974,m1,No UV,13.65459481
8870,#289,m1,No UV,13.65614193
645,#003,m1,No UV,13.65691487
6430,#263,m1,No UV,13.65691487
1871,#006,m1,No UV,13.6576874
10073,#303,m1,No UV,13.6576874
662,#003,m1,No UV,13.65923122
8683,#289,m1,No UV,13.65923122
12511,#974,m1,No UV,13.65923122
2783,#009,m1,No UV,13.66077338
12664,#974,m1,No UV,13.6623139
6347,#263,m1,No UV,13.66308354
1608,#006,m1,No UV,13.66385277
9990,#303,m1,No UV,13.66385277
10395,#317,m1,No UV,13.66385277
7264,#281,m1,No UV,13.66615801
11545,#970,m1,No UV,13.66692561
12695,#974,m1,No UV,13.66845957
4211,#131,m1,No UV,13.67305171
1825,#006,m1,No UV,13.67381565
5229,#258,m1,No UV,13.67534231
10437,#317,m1,No UV,13.67534231
10695,#317,m1,No UV,13.67534231
898,#003,m1,No UV,13.67686736
6853,#263,m1,No UV,13.67686736
1565,#006,m1,No UV,13.67839079
6601,#263,m1,No UV,13.67839079
11374,#970,m1,No UV,13.67915191
12309,#974,m1,No UV,13.67915191
6652,#263,m1,No UV,13.67991263
8820,#289,m1,No UV,13.67991263
9957,#303,m1,No UV,13.67991263
6378,#263,m1,No UV,13.68067294
12307,#974,m1,No UV,13.68143285
11716,#970,m1,No UV,13.68219237
7116,#281,m1,No UV,13.68295148
5813,#258,m1,No UV,13.68371019
7048,#281,m1,No UV,13.68371019
10039,#303,m1,No UV,13.68371019
9239,#291,m1,No UV,13.68522643
1819,#006,m1,No UV,13.68598394
1607,#006,m1,No UV,13.68749779
6372,#263,m1,No UV,13.69052072
12419,#974,m1,No UV,13.69052072
4233,#131,m1,No UV,13.69202982
526,#003,m1,No UV,13.69278378
2761,#009,m1,No UV,13.69504328
3925,#022,m1,No UV,13.69504328
8639,#289,m1,No UV,13.69504328
7094,#281,m1,No UV,13.69579567
3726,#022,m1,No UV,13.69805047
10048,#303,m1,No UV,13.69805047
5232,#258,m1,No UV,13.69955171
5375,#258,m1,No UV,13.69955171
2859,#009,m1,No UV,13.70030175
2928,#009,m1,No UV,13.70030175
3889,#022,m1,No UV,13.70105139
9237,#291,m1,No UV,13.70105139
11394,#970,m1,No UV,13.70105139
3960,#022,m1,No UV,13.70180065
10626,#317,m1,No UV,13.70254952
2781,#009,m1,No UV,13.70479379
6203,#263,m1,No UV,13.70479379
11404,#970,m1,No UV,13.70628804
991,#003,m1,No UV,13.7100169
1709,#006,m1,No UV,13.7100169
12410,#974,m1,No UV,13.7100169
9318,#291,m1,No UV,13.71076152
12313,#974,m1,No UV,13.71373615
11450,#970,m1,No UV,13.71447885
6790,#263,m1,No UV,13.71522117
7957,#282,m1,No UV,13.71522117
5388,#258,m1,No UV,13.71818662
12533,#974,m1,No UV,13.71818662
2864,#009,m1,No UV,13.71966707
9293,#291,m1,No UV,13.71966707
3983,#022,m1,No UV,13.721146
5626,#258,m1,No UV,13.721146
10047,#303,m1,No UV,13.7218849
10529,#317,m1,No UV,13.7218849
9165,#291,m1,No UV,13.72262341
6814,#263,m1,No UV,13.7248367
12369,#974,m1,No UV,13.7248367
9232,#291,m1,No UV,13.72778248
1588,#006,m1,No UV,13.72851799
6630,#263,m1,No UV,13.72851799
1496,#006,m1,No UV,13.72925312
12560,#974,m1,No UV,13.72998788
5733,#258,m1,No UV,13.73072226
9948,#303,m1,No UV,13.73072226
2682,#009,m1,No UV,13.73145627
12264,#974,m1,No UV,13.73145627
6840,#263,m1,No UV,13.7321899
10634,#317,m1,No UV,13.7321899
12573,#974,m1,No UV,13.7321899
5352,#258,m1,No UV,13.73512072
8737,#289,m1,No UV,13.73512072
4166,#131,m1,No UV,13.7358525
6473,#263,m1,No UV,13.7365839
11638,#970,m1,No UV,13.7365839
6788,#263,m1,No UV,13.73731494
9987,#303,m1,No UV,13.73731494
11628,#970,m1,No UV,13.7380456
8643,#289,m1,No UV,13.73950582
12639,#974,m1,No UV,13.74314991
6222,#263,m1,No UV,13.74387762
5627,#258,m1,No UV,13.74460497
9168,#291,m1,No UV,13.74678482
1659,#006,m1,No UV,13.7475107
3713,#022,m1,No UV,13.74968617
12671,#974,m1,No UV,13.74968617
4238,#131,m1,No UV,13.75041059
968,#003,m1,No UV,13.75113466
1602,#006,m1,No UV,13.75330467
12412,#974,m1,No UV,13.75402728
1807,#006,m1,No UV,13.75691411
12422,#974,m1,No UV,13.75691411
5679,#258,m1,No UV,13.75835537
6466,#263,m1,No UV,13.75835537
6850,#263,m1,No UV,13.75907545
8924,#289,m1,No UV,13.76195222
653,#003,m1,No UV,13.76267051
8791,#289,m1,No UV,13.76267051
12290,#974,m1,No UV,13.76410603
12501,#974,m1,No UV,13.76554012
3060,#009,m1,No UV,13.76768859
6402,#263,m1,No UV,13.76768859
5807,#258,m1,No UV,13.76840403
2746,#009,m1,No UV,13.77054824
12240,#974,m1,No UV,13.77054824
2694,#009,m1,No UV,13.77197594
926,#003,m1,No UV,13.77340224
12515,#974,m1,No UV,13.77340224
6737,#263,m1,No UV,13.77411485
1860,#006,m1,No UV,13.77553904
3918,#022,m1,No UV,13.77553904
3689,#022,m1,No UV,13.7762506
6426,#263,m1,No UV,13.77696181
1760,#006,m1,No UV,13.78193051
12231,#974,m1,No UV,13.78263893
8745,#289,m1,No UV,13.783347
6747,#263,m1,No UV,13.78405472
5614,#258,m1,No UV,13.78688215
640,#003,m1,No UV,13.78829379
12738,#974,m1,No UV,13.78829379
11731,#970,m1,No UV,13.78899909
964,#003,m1,No UV,13.79040866
10779,#317,m1,No UV,13.79040866
11722,#970,m1,No UV,13.79040866
3957,#022,m1,No UV,13.79181686
12463,#974,m1,No UV,13.79181686
12723,#974,m1,No UV,13.79252044
9143,#291,m1,No UV,13.79322368
10558,#317,m1,No UV,13.79322368
3942,#022,m1,No UV,13.79462913
8027,#282,m1,No UV,13.79462913
6443,#263,m1,No UV,13.79533134
9146,#291,m1,No UV,13.79603321
2670,#009,m1,No UV,13.79673474
2757,#009,m1,No UV,13.79673474
5708,#258,m1,No UV,13.79673474
4118,#131,m1,No UV,13.79813678
1765,#006,m1,No UV,13.80093677
2602,#009,m1,No UV,13.80233473
2629,#009,m1,No UV,13.80233473
4151,#131,m1,No UV,13.80233473
8036,#282,m1,No UV,13.8030332
9784,#303,m1,No UV,13.8030332
1681,#006,m1,No UV,13.80442913
818,#003,m1,No UV,13.80582371
12678,#974,m1,No UV,13.80721695
9127,#291,m1,No UV,13.80930428
12550,#974,m1,No UV,13.80930428
12672,#974,m1,No UV,13.81069416
12693,#974,m1,No UV,13.8120827
11679,#970,m1,No UV,13.81277647
11824,#970,m1,No UV,13.81416302
978,#003,m1,No UV,13.81485579
12250,#974,m1,No UV,13.81485579
12347,#974,m1,No UV,13.81554822
7098,#281,m1,No UV,13.81969589
5197,#258,m1,No UV,13.8210758
6365,#263,m1,No UV,13.8210758
10526,#317,m1,No UV,13.82245439
7991,#282,m1,No UV,13.82314319
7987,#282,m1,No UV,13.82520762
12272,#974,m1,No UV,13.82726911
10070,#303,m1,No UV,13.82932765
10816,#317,m1,No UV,13.82932765
8705,#289,m1,No UV,13.83001318
8150,#282,m1,No UV,13.83069838
9821,#303,m1,No UV,13.83069838
10439,#317,m1,No UV,13.83069838
5289,#258,m1,No UV,13.83138326
1724,#006,m1,No UV,13.83275204
2777,#009,m1,No UV,13.83275204
8045,#282,m1,No UV,13.83480278
8204,#282,m1,No UV,13.83480278
11826,#970,m1,No UV,13.83548571
3786,#022,m1,No UV,13.83616832
12648,#974,m1,No UV,13.83616832
10045,#303,m1,No UV,13.83685061
11473,#970,m1,No UV,13.83685061
824,#003,m1,No UV,13.83821422
6758,#263,m1,No UV,13.83821422
2619,#009,m1,No UV,13.83889554
10770,#317,m1,No UV,13.83889554
5183,#258,m1,No UV,13.84025721
12384,#974,m1,No UV,13.84093757
12257,#974,m1,No UV,13.8416176
3871,#022,m1,No UV,13.84229732
8687,#289,m1,No UV,13.84365579
9991,#303,m1,No UV,13.84365579
3194,#009,m1,No UV,13.84433454
2590,#009,m1,No UV,13.84704638
10384,#317,m1,No UV,13.84704638
10804,#317,m1,No UV,13.84704638
3178,#009,m1,No UV,13.84772354
7099,#281,m1,No UV,13.84840038
8653,#289,m1,No UV,13.84975312
5235,#258,m1,No UV,13.85042902
2774,#009,m1,No UV,13.85110459
1723,#006,m1,No UV,13.85380374
12734,#974,m1,No UV,13.85380374
11478,#970,m1,No UV,13.8558248
3213,#022,m1,No UV,13.85649785
10482,#317,m1,No UV,13.85717059
6510,#263,m1,No UV,13.85784302
8047,#282,m1,No UV,13.85784302
5720,#258,m1,No UV,13.85851514
2754,#009,m1,No UV,13.85918694
10450,#317,m1,No UV,13.85985843
12246,#974,m1,No UV,13.85985843
923,#003,m1,No UV,13.86052961
10359,#317,m1,No UV,13.86120047
5558,#258,m1,No UV,13.86187102
11409,#970,m1,No UV,13.86187102
5240,#258,m1,No UV,13.86254127
3847,#022,m1,No UV,13.86388082
12692,#974,m1,No UV,13.86388082
3790,#022,m1,No UV,13.86521912
5377,#258,m1,No UV,13.86588781
12729,#974,m1,No UV,13.86655619
10036,#303,m1,No UV,13.86855947
3074,#009,m1,No UV,13.86922661
3870,#022,m1,No UV,13.86989345
9808,#303,m1,No UV,13.87055997
5502,#258,m1,No UV,13.87122619
587,#003,m1,No UV,13.8725577
12350,#974,m1,No UV,13.87388799
3779,#022,m1,No UV,13.87521705
10385,#317,m1,No UV,13.87588112
779,#003,m1,No UV,13.87654489
1881,#006,m1,No UV,13.87654489
1671,#006,m1,No UV,13.87720835
751,#003,m1,No UV,13.8778715
1547,#006,m1,No UV,13.87853435
5742,#258,m1,No UV,13.87853435
1506,#006,m1,No UV,13.8791969
8115,#282,m1,No UV,13.88052108
12427,#974,m1,No UV,13.88052108
891,#003,m1,No UV,13.88118272
12363,#974,m1,No UV,13.88118272
6787,#263,m1,No UV,13.88184405
6768,#263,m1,No UV,13.8831658
6434,#263,m1,No UV,13.88382623
9757,#303,m1,No UV,13.88448635
11366,#970,m1,No UV,13.8864649
901,#003,m1,No UV,13.88712382
1734,#006,m1,No UV,13.88712382
8173,#282,m1,No UV,13.88712382
1879,#006,m1,No UV,13.88778243
6761,#263,m1,No UV,13.88778243
5743,#258,m1,No UV,13.88909876
6706,#263,m1,No UV,13.88909876
10738,#317,m1,No UV,13.88909876
4035,#131,m1,No UV,13.89238433
10592,#317,m1,No UV,13.89238433
5637,#258,m1,No UV,13.89304055
12278,#974,m1,No UV,13.89369647
12601,#974,m1,No UV,13.89369647
8742,#289,m1,No UV,13.89435209
4097,#131,m1,No UV,13.89500742
8698,#289,m1,No UV,13.89500742
12390,#974,m1,No UV,13.89500742
4115,#131,m1,No UV,13.89566244
12535,#974,m1,No UV,13.89566244
1616,#006,m1,No UV,13.8969716
2867,#009,m1,No UV,13.89827958
716,#003,m1,No UV,13.89893312
6675,#263,m1,No UV,13.89893312
3996,#022,m1,No UV,13.90023932
9954,#303,m1,No UV,13.90023932
11532,#970,m1,No UV,13.9021964
3069,#009,m1,No UV,13.90284817
6778,#263,m1,No UV,13.90349964
6519,#263,m1,No UV,13.90480172
8741,#289,m1,No UV,13.90545231
5350,#258,m1,No UV,13.90675262
7977,#282,m1,No UV,13.90740234
8872,#289,m1,No UV,13.90740234
9163,#291,m1,No UV,13.90805176
9944,#303,m1,No UV,13.90870089
987,#003,m1,No UV,13.90934973
8100,#282,m1,No UV,13.90934973
719,#003,m1,No UV,13.9112945
5386,#258,m1,No UV,13.91323666
990,#003,m1,No UV,13.91388346
8059,#282,m1,No UV,13.91388346
756,#003,m1,No UV,13.91582213
6489,#263,m1,No UV,13.91711313
761,#003,m1,No UV,13.9177582
1612,#006,m1,No UV,13.91840298
5552,#258,m1,No UV,13.91840298
12395,#974,m1,No UV,13.91904747
6307,#263,m1,No UV,13.91969168
12613,#974,m1,No UV,13.91969168
6218,#263,m1,No UV,13.92033559
9866,#303,m1,No UV,13.92033559
9931,#303,m1,No UV,13.92162257
11382,#970,m1,No UV,13.92290839
1656,#006,m1,No UV,13.92419307
8114,#282,m1,No UV,13.92419307
3710,#022,m1,No UV,13.92547661
11792,#970,m1,No UV,13.92611795
4054,#131,m1,No UV,13.926759
9142,#291,m1,No UV,13.926759
5340,#258,m1,No UV,13.92739977
3109,#009,m1,No UV,13.93187722
9234,#291,m1,No UV,13.93187722
12538,#974,m1,No UV,13.93187722
11778,#970,m1,No UV,13.93251572
6368,#263,m1,No UV,13.93379188
4226,#131,m1,No UV,13.9350669
6439,#263,m1,No UV,13.935704
12315,#974,m1,No UV,13.93634081
8109,#282,m1,No UV,13.93824955
7199,#281,m1,No UV,13.93952065
6242,#263,m1,No UV,13.9414252
8175,#282,m1,No UV,13.9414252
8032,#282,m1,No UV,13.94205949
8911,#289,m1,No UV,13.94205949
10640,#317,m1,No UV,13.94205949
6856,#263,m1,No UV,13.9426935
2987,#009,m1,No UV,13.94396069
9836,#303,m1,No UV,13.94396069
7272,#281,m1,No UV,13.94459387
10377,#317,m1,No UV,13.94522677
12224,#974,m1,No UV,13.94522677
2601,#009,m1,No UV,13.94585939
11787,#970,m1,No UV,13.94649174
5244,#258,m1,No UV,13.94712381
9841,#303,m1,No UV,13.94964931
10064,#303,m1,No UV,13.95091041
8716,#289,m1,No UV,13.95154054
12274,#974,m1,No UV,13.95154054
5676,#258,m1,No UV,13.9521704
12402,#974,m1,No UV,13.9521704
4225,#131,m1,No UV,13.9534293
3895,#022,m1,No UV,13.9546871
10642,#317,m1,No UV,13.95531559
11400,#970,m1,No UV,13.95657174
10381,#317,m1,No UV,13.95719941
7092,#281,m1,No UV,13.95782681
11530,#970,m1,No UV,13.95782681
2782,#009,m1,No UV,13.95908078
10375,#317,m1,No UV,13.95970736
12220,#974,m1,No UV,13.96158546
2589,#009,m1,No UV,13.96346112
3757,#022,m1,No UV,13.96595821
11626,#970,m1,No UV,13.96720514
5351,#258,m1,No UV,13.9678282
11692,#970,m1,No UV,13.9678282
804,#003,m1,No UV,13.96969577
1611,#006,m1,No UV,13.97093947
7979,#282,m1,No UV,13.97093947
8889,#289,m1,No UV,13.97342366
12548,#974,m1,No UV,13.97342366
3769,#022,m1,No UV,13.97466416
4185,#131,m1,No UV,13.97466416
5204,#258,m1,No UV,13.975284
8850,#289,m1,No UV,13.975284
1813,#006,m1,No UV,13.9765229
6838,#263,m1,No UV,13.9765229
9861,#303,m1,No UV,13.9765229
5416,#258,m1,No UV,13.97714195
5460,#258,m1,No UV,13.97714195
11527,#970,m1,No UV,13.97714195
7028,#281,m1,No UV,13.97899751
8680,#289,m1,No UV,13.97899751
3019,#009,m1,No UV,13.9796155
5308,#258,m1,No UV,13.9796155
9958,#303,m1,No UV,13.98085068
1552,#006,m1,No UV,13.98208481
8199,#282,m1,No UV,13.98208481
529,#003,m1,No UV,13.98331788
10002,#303,m1,No UV,13.98331788
12574,#974,m1,No UV,13.98331788
4007,#022,m1,No UV,13.98393402
3682,#022,m1,No UV,13.9845499
4078,#131,m1,No UV,13.9845499
10453,#317,m1,No UV,13.9845499
3131,#009,m1,No UV,13.98578087
2764,#009,m1,No UV,13.98946749
6671,#263,m1,No UV,13.99130727
12216,#974,m1,No UV,13.99130727
5547,#258,m1,No UV,13.99253249
3022,#009,m1,No UV,13.9931447
780,#003,m1,No UV,13.99375666
11632,#970,m1,No UV,13.99436836
4093,#131,m1,No UV,13.99497981
9937,#303,m1,No UV,13.99497981
4125,#131,m1,No UV,13.99681258
12668,#974,m1,No UV,13.99681258
577,#003,m1,No UV,13.99742298
12685,#974,m1,No UV,13.99742298
2749,#009,m1,No UV,13.99803313
6762,#263,m1,No UV,13.99864302
10494,#317,m1,No UV,13.99864302
1736,#006,m1,No UV,13.99986203
9926,#303,m1,No UV,14.00047114
11610,#970,m1,No UV,14.00047114
4154,#131,m1,No UV,14.00108001
6446,#263,m1,No UV,14.00108001
8101,#282,m1,No UV,14.00290505
1728,#006,m1,No UV,14.00412046
651,#003,m1,No UV,14.00594166
6862,#263,m1,No UV,14.00594166
9225,#291,m1,No UV,14.00594166
10702,#317,m1,No UV,14.00654822
10438,#317,m1,No UV,14.00715452
1538,#006,m1,No UV,14.00836636
461,#003,m1,No UV,14.01078699
12364,#974,m1,No UV,14.01199578
8766,#289,m1,No UV,14.01501334
781,#003,m1,No UV,14.01742285
12690,#974,m1,No UV,14.0186261
1801,#006,m1,No UV,14.01982835
12474,#974,m1,No UV,14.01982835
5372,#258,m1,No UV,14.02102959
10646,#317,m1,No UV,14.02102959
4082,#131,m1,No UV,14.02162984
1716,#006,m1,No UV,14.02342909
1733,#006,m1,No UV,14.02342909
11389,#970,m1,No UV,14.02462734
3203,#009,m1,No UV,14.0258246
11809,#970,m1,No UV,14.02702086
6455,#263,m1,No UV,14.02821613
11491,#970,m1,No UV,14.02941042
2913,#009,m1,No UV,14.03060372
9758,#303,m1,No UV,14.03060372
5230,#258,m1,No UV,14.03298735
6221,#263,m1,No UV,14.03298735
6794,#263,m1,No UV,14.03298735
1569,#006,m1,No UV,14.03417769
2848,#009,m1,No UV,14.03417769
11489,#970,m1,No UV,14.03417769
6599,#263,m1,No UV,14.0347725
8906,#289,m1,No UV,14.0347725
3118,#009,m1,No UV,14.03536705
6797,#263,m1,No UV,14.03536705
10015,#303,m1,No UV,14.03714926
10451,#317,m1,No UV,14.03714926
10636,#317,m1,No UV,14.03714926
1665,#006,m1,No UV,14.03833618
4100,#131,m1,No UV,14.03892927
3177,#009,m1,No UV,14.04011472
12608,#974,m1,No UV,14.04484681
658,#003,m1,No UV,14.04602741
709,#003,m1,No UV,14.04602741
8828,#289,m1,No UV,14.04720705
12255,#974,m1,No UV,14.04720705
1688,#006,m1,No UV,14.0477965
12679,#974,m1,No UV,14.0477965
517,#003,m1,No UV,14.0489747
691,#003,m1,No UV,14.0489747
2834,#009,m1,No UV,14.04956343
12423,#974,m1,No UV,14.04956343
6322,#263,m1,No UV,14.05191597
670,#003,m1,No UV,14.05250351
10440,#317,m1,No UV,14.05250351
5316,#258,m1,No UV,14.05485126
7253,#281,m1,No UV,14.0554376
10771,#317,m1,No UV,14.05836575
12687,#974,m1,No UV,14.05836575
3183,#009,m1,No UV,14.05953534
5488,#258,m1,No UV,14.05953534
2735,#009,m1,No UV,14.06011978
9819,#303,m1,No UV,14.06245519
9150,#291,m1,No UV,14.06303845
10051,#303,m1,No UV,14.06303845
6251,#263,m1,No UV,14.06362147
6404,#263,m1,No UV,14.06478681
7998,#282,m1,No UV,14.06478681
525,#003,m1,No UV,14.06653307
11531,#970,m1,No UV,14.07117943
5258,#258,m1,No UV,14.07175918
6388,#263,m1,No UV,14.07291797
7167,#281,m1,No UV,14.07349701
3201,#009,m1,No UV,14.07523276
7026,#281,m1,No UV,14.07581088
9229,#291,m1,No UV,14.07581088
514,#003,m1,No UV,14.07638877
6583,#263,m1,No UV,14.07696642
5530,#258,m1,No UV,14.07754385
2593,#009,m1,No UV,14.07812104
10681,#317,m1,No UV,14.07927474
11622,#970,m1,No UV,14.07927474
11600,#970,m1,No UV,14.08042751
1685,#006,m1,No UV,14.08157936
9781,#303,m1,No UV,14.08157936
12479,#974,m1,No UV,14.08215494
5736,#258,m1,No UV,14.08388031
6564,#263,m1,No UV,14.08502941
12597,#974,m1,No UV,14.08560362
1513,#006,m1,No UV,14.08675135
6796,#263,m1,No UV,14.08675135
6512,#263,m1,No UV,14.08789816
3882,#022,m1,No UV,14.08904407
6614,#263,m1,No UV,14.08904407
10579,#317,m1,No UV,14.08904407
2565,#009,m1,No UV,14.08961668
2770,#009,m1,No UV,14.08961668
663,#003,m1,No UV,14.09018906
4218,#131,m1,No UV,14.09018906
9849,#303,m1,No UV,14.09076122
1876,#006,m1,No UV,14.09361861
1788,#006,m1,No UV,14.09475998
657,#003,m1,No UV,14.09533033
1749,#006,m1,No UV,14.09533033
1551,#006,m1,No UV,14.09590045
506,#003,m1,No UV,14.09647035
11452,#970,m1,No UV,14.09704002
12411,#974,m1,No UV,14.09874769
6631,#263,m1,No UV,14.09931647
3993,#022,m1,No UV,14.10045334
2728,#009,m1,No UV,14.10102144
11617,#970,m1,No UV,14.10102144
9312,#291,m1,No UV,14.10442537
10708,#317,m1,No UV,14.10442537
1780,#006,m1,No UV,14.10725585
5368,#258,m1,No UV,14.10838648
6642,#263,m1,No UV,14.10895147
4156,#131,m1,No UV,14.11008078
1759,#006,m1,No UV,14.11064511
3032,#009,m1,No UV,14.11064511
8930,#289,m1,No UV,14.11177309
3716,#022,m1,No UV,14.11233676
5321,#258,m1,No UV,14.1129002
6384,#263,m1,No UV,14.1129002
12326,#974,m1,No UV,14.11346342
5513,#258,m1,No UV,14.11402642
5804,#258,m1,No UV,14.11458921
6836,#263,m1,No UV,14.11739984
6300,#263,m1,No UV,14.11796131
8857,#289,m1,No UV,14.1196444
2613,#009,m1,No UV,14.12132554
12271,#974,m1,No UV,14.12132554
12498,#974,m1,No UV,14.12188548
2964,#009,m1,No UV,14.12300472
12722,#974,m1,No UV,14.12300472
11354,#970,m1,No UV,14.12579902
10067,#303,m1,No UV,14.12635723
12646,#974,m1,No UV,14.12635723
6686,#263,m1,No UV,14.12691522
8932,#289,m1,No UV,14.12858791
7198,#281,m1,No UV,14.12914504
2937,#009,m1,No UV,14.12970196
3867,#022,m1,No UV,14.12970196
3134,#009,m1,No UV,14.13081515
8684,#289,m1,No UV,14.13081515
3854,#022,m1,No UV,14.13137143
4085,#131,m1,No UV,14.13470457
880,#003,m1,No UV,14.13692239
3212,#009,m1,No UV,14.13747632
5319,#258,m1,No UV,14.13858353
7251,#281,m1,No UV,14.13968989
11520,#970,m1,No UV,14.1407954
12366,#974,m1,No UV,14.14190007
1583,#006,m1,No UV,14.14245209
6593,#263,m1,No UV,14.14355549
12619,#974,m1,No UV,14.14355549
4241,#131,m1,No UV,14.14410687
8738,#289,m1,No UV,14.14465804
11752,#970,m1,No UV,14.14796067
8760,#289,m1,No UV,14.14851037
2607,#009,m1,No UV,14.14905986
7263,#281,m1,No UV,14.14905986
3810,#022,m1,No UV,14.14960915
9946,#303,m1,No UV,14.14960915
6314,#263,m1,No UV,14.15070709
6361,#263,m1,No UV,14.15125575
5492,#258,m1,No UV,14.15235244
10789,#317,m1,No UV,14.15235244
8768,#289,m1,No UV,14.15344829
12295,#974,m1,No UV,14.15344829
5582,#258,m1,No UV,14.15454332
5810,#258,m1,No UV,14.15673088
4057,#131,m1,No UV,14.15836937
7232,#281,m1,No UV,14.15946067
8162,#282,m1,No UV,14.16000601
4239,#131,m1,No UV,14.16164079
6528,#263,m1,No UV,14.16164079
5303,#258,m1,No UV,14.16272962
5499,#258,m1,No UV,14.16272962
11659,#970,m1,No UV,14.16327372
11609,#970,m1,No UV,14.16544809
2692,#009,m1,No UV,14.16599117
6290,#263,m1,No UV,14.16599117
10566,#317,m1,No UV,14.16653405
5309,#258,m1,No UV,14.16761919
12234,#974,m1,No UV,14.16924537
2553,#009,m1,No UV,14.17141077
2769,#009,m1,No UV,14.17141077
7996,#282,m1,No UV,14.17195161
9938,#303,m1,No UV,14.17195161
8765,#289,m1,No UV,14.17249225
10079,#303,m1,No UV,14.17249225
669,#003,m1,No UV,14.17357292
1682,#006,m1,No UV,14.17357292
10049,#303,m1,No UV,14.17411295
700,#003,m1,No UV,14.17519241
12397,#974,m1,No UV,14.17573184
5314,#258,m1,No UV,14.17681008
12721,#974,m1,No UV,14.17681008
4087,#131,m1,No UV,14.17896417
9868,#303,m1,No UV,14.18004
740,#003,m1,No UV,14.18057762
2858,#009,m1,No UV,14.18111503
2906,#009,m1,No UV,14.18111503
9140,#291,m1,No UV,14.18111503
10729,#317,m1,No UV,14.18111503
3025,#009,m1,No UV,14.18218927
3781,#022,m1,No UV,14.18218927
11593,#970,m1,No UV,14.18272608
7127,#281,m1,No UV,14.18379912
10649,#317,m1,No UV,14.18540718
11818,#970,m1,No UV,14.18647822
5642,#258,m1,No UV,14.18701344
10585,#317,m1,No UV,14.18808329
3159,#009,m1,No UV,14.18915235
5238,#258,m1,No UV,14.18968659
1539,#006,m1,No UV,14.19022062
5817,#258,m1,No UV,14.19395334
12417,#974,m1,No UV,14.1944858
2920,#009,m1,No UV,14.19555012
1851,#006,m1,No UV,14.1987384
2842,#009,m1,No UV,14.20086001
8631,#289,m1,No UV,14.20086001
3811,#022,m1,No UV,14.20138993
6316,#263,m1,No UV,14.20138993
6649,#263,m1,No UV,14.20244918
6302,#263,m1,No UV,14.20297851
4169,#131,m1,No UV,14.20350765
6735,#263,m1,No UV,14.20403659
12251,#974,m1,No UV,14.20403659
6590,#263,m1,No UV,14.20456534
8102,#282,m1,No UV,14.20667841
9139,#291,m1,No UV,14.20720619
6755,#263,m1,No UV,14.20773378
10644,#317,m1,No UV,14.20773378
9215,#291,m1,No UV,14.20826118
5670,#258,m1,No UV,14.21352457
2819,#009,m1,No UV,14.21404986
3193,#009,m1,No UV,14.21457495
710,#003,m1,No UV,14.21562456
1701,#006,m1,No UV,14.21772151
6579,#263,m1,No UV,14.21876883
3880,#022,m1,No UV,14.22138383
899,#003,m1,No UV,14.22190627
3708,#022,m1,No UV,14.22242851
11466,#970,m1,No UV,14.22295056
6857,#263,m1,No UV,14.2239941
970,#003,m1,No UV,14.22451559
8740,#289,m1,No UV,14.22659966
6493,#263,m1,No UV,14.22816073
12517,#974,m1,No UV,14.22868072
771,#003,m1,No UV,14.23075878
3675,#022,m1,No UV,14.23231537
11385,#970,m1,No UV,14.23335216
1823,#006,m1,No UV,14.23490595
10391,#317,m1,No UV,14.23542351
9748,#303,m1,No UV,14.23749189
10632,#317,m1,No UV,14.23749189
3011,#009,m1,No UV,14.23904123
5310,#258,m1,No UV,14.24058891
4149,#131,m1,No UV,14.24110443
7925,#282,m1,No UV,14.24110443
1880,#006,m1,No UV,14.24213493
7924,#282,m1,No UV,14.24213493
6718,#263,m1,No UV,14.2426499
11657,#970,m1,No UV,14.2426499
8908,#289,m1,No UV,14.24316469
10397,#317,m1,No UV,14.24316469
4243,#131,m1,No UV,14.2436793
5451,#258,m1,No UV,14.24932787
5420,#258,m1,No UV,14.25137642
3701,#022,m1,No UV,14.25291093
749,#003,m1,No UV,14.25393303
4045,#131,m1,No UV,14.25393303
8784,#289,m1,No UV,14.25495441
5520,#258,m1,No UV,14.25546483
7164,#281,m1,No UV,14.25546483
4155,#131,m1,No UV,14.25852355
3132,#009,m1,No UV,14.2590327
1495,#006,m1,No UV,14.26005048
12273,#974,m1,No UV,14.26005048
980,#003,m1,No UV,14.2605591
763,#003,m1,No UV,14.26106754
10034,#303,m1,No UV,14.26208388
5283,#258,m1,No UV,14.26259178
12543,#974,m1,No UV,14.2630995
12706,#974,m1,No UV,14.2630995
9123,#291,m1,No UV,14.26360705
11796,#970,m1,No UV,14.26411441
11358,#970,m1,No UV,14.26512861
1745,#006,m1,No UV,14.26614209
2578,#009,m1,No UV,14.26766099
11475,#970,m1,No UV,14.26766099
775,#003,m1,No UV,14.27119886
509,#003,m1,No UV,14.27220809
6858,#263,m1,No UV,14.27422444
2846,#009,m1,No UV,14.27472809
3206,#009,m1,No UV,14.27523156
12426,#974,m1,No UV,14.27573485
1816,#006,m1,No UV,14.27623797
9934,#303,m1,No UV,14.27674091
10464,#317,m1,No UV,14.27674091
4181,#131,m1,No UV,14.27774628
6811,#263,m1,No UV,14.27774628
12235,#974,m1,No UV,14.28176074
10693,#317,m1,No UV,14.28276261
12241,#974,m1,No UV,14.28276261
2572,#009,m1,No UV,14.28426411
12230,#974,m1,No UV,14.28476426
9298,#291,m1,No UV,14.28676315
7161,#281,m1,No UV,14.28726244
11720,#970,m1,No UV,14.28776156
12267,#974,m1,No UV,14.2882605
10737,#317,m1,No UV,14.28875927
2891,#009,m1,No UV,14.28975629
981,#003,m1,No UV,14.29025455
5618,#258,m1,No UV,14.29224585
9297,#291,m1,No UV,14.29224585
6799,#263,m1,No UV,14.29274324
8914,#289,m1,No UV,14.29324047
5746,#258,m1,No UV,14.2942344
11762,#970,m1,No UV,14.29473111
10484,#317,m1,No UV,14.29522765
11656,#970,m1,No UV,14.2982033
8868,#289,m1,No UV,14.29968883
6517,#263,m1,No UV,14.30018367
6589,#263,m1,No UV,14.30067833
3204,#009,m1,No UV,14.30117283
10010,#303,m1,No UV,14.3026553
1601,#006,m1,No UV,14.30364278
6363,#263,m1,No UV,14.30413626
3744,#022,m1,No UV,14.30561569
11723,#970,m1,No UV,14.30561569
659,#003,m1,No UV,14.30758591
12460,#974,m1,No UV,14.30758591
2938,#009,m1,No UV,14.30807805
12552,#974,m1,No UV,14.30807805
3114,#009,m1,No UV,14.30955345
3755,#022,m1,No UV,14.31348049
464,#003,m1,No UV,14.31397062
1494,#006,m1,No UV,14.31592947
6230,#263,m1,No UV,14.31592947
10762,#317,m1,No UV,14.31592947
8103,#282,m1,No UV,14.31739687
806,#003,m1,No UV,14.31788567
713,#003,m1,No UV,14.32032719
8703,#289,m1,No UV,14.320815
12725,#974,m1,No UV,14.32276459
890,#003,m1,No UV,14.32325157
8805,#289,m1,No UV,14.32373839
2650,#009,m1,No UV,14.32422505
629,#003,m1,No UV,14.32471154
520,#003,m1,No UV,14.32519787
515,#003,m1,No UV,14.32811241
10504,#317,m1,No UV,14.32956747
12686,#974,m1,No UV,14.32956747
937,#003,m1,No UV,14.3305367
4120,#131,m1,No UV,14.3305367
1502,#006,m1,No UV,14.33102107
6442,#263,m1,No UV,14.33102107
11813,#970,m1,No UV,14.33150528
8063,#282,m1,No UV,14.33295692
11690,#970,m1,No UV,14.33344048
9148,#291,m1,No UV,14.33489018
10446,#317,m1,No UV,14.33489018
1679,#006,m1,No UV,14.33537309
6197,#263,m1,No UV,14.33633843
852,#003,m1,No UV,14.33778523
6641,#263,m1,No UV,14.33778523
11392,#970,m1,No UV,14.33826717
9307,#291,m1,No UV,14.33874895
12658,#974,m1,No UV,14.33874895
10041,#303,m1,No UV,14.34019333
10431,#317,m1,No UV,14.34019333
1634,#006,m1,No UV,14.34259742
7093,#281,m1,No UV,14.34355794
8626,#289,m1,No UV,14.34403796
6733,#263,m1,No UV,14.34451781
9941,#303,m1,No UV,14.34691472
9983,#303,m1,No UV,14.34739362
8157,#282,m1,No UV,14.34978575
921,#003,m1,No UV,14.3502637
2745,#009,m1,No UV,14.3502637
2843,#009,m1,No UV,14.3502637
2962,#009,m1,No UV,14.3507415
10436,#317,m1,No UV,14.35121913
12467,#974,m1,No UV,14.35121913
723,#003,m1,No UV,14.35169661
3681,#022,m1,No UV,14.35169661
1505,#006,m1,No UV,14.35265109
1732,#006,m1,No UV,14.35265109
9155,#291,m1,No UV,14.35360493
12641,#974,m1,No UV,14.35360493
841,#003,m1,No UV,14.35408162
3180,#009,m1,No UV,14.35455815
924,#003,m1,No UV,14.35503452
1832,#006,m1,No UV,14.35551074
10694,#317,m1,No UV,14.35551074
2583,#009,m1,No UV,14.35693844
8108,#282,m1,No UV,14.35693844
10069,#303,m1,No UV,14.35788946
7915,#282,m1,No UV,14.36026427
8152,#282,m1,No UV,14.36026427
1698,#006,m1,No UV,14.36263517
6303,#263,m1,No UV,14.36310889
9823,#303,m1,No UV,14.36310889
11687,#970,m1,No UV,14.36310889
11743,#970,m1,No UV,14.36310889
10066,#303,m1,No UV,14.36405585
1710,#006,m1,No UV,14.36689301
486,#003,m1,No UV,14.36783749
1509,#006,m1,No UV,14.36925305
7176,#281,m1,No UV,14.36925305
3881,#022,m1,No UV,14.37019599
6189,#263,m1,No UV,14.37019599
5760,#258,m1,No UV,14.37160924
10477,#317,m1,No UV,14.37255064
4176,#131,m1,No UV,14.37302111
701,#003,m1,No UV,14.37396159
6500,#263,m1,No UV,14.37396159
6780,#263,m1,No UV,14.37396159
10040,#303,m1,No UV,14.37537116
11339,#970,m1,No UV,14.37537116
8054,#282,m1,No UV,14.37818618
12683,#974,m1,No UV,14.38193101
6558,#263,m1,No UV,14.3828657
12712,#974,m1,No UV,14.3828657
992,#003,m1,No UV,14.38333282
11815,#970,m1,No UV,14.38333282
10371,#317,m1,No UV,14.3842666
925,#003,m1,No UV,14.38473327
2977,#009,m1,No UV,14.38566614
6727,#263,m1,No UV,14.38706433
4034,#131,m1,No UV,14.38753009
11342,#970,m1,No UV,14.38753009
11696,#970,m1,No UV,14.3903215
9760,#303,m1,No UV,14.39171519
9889,#303,m1,No UV,14.39310753
11476,#970,m1,No UV,14.39310753
11549,#970,m1,No UV,14.39310753
9762,#303,m1,No UV,14.39357134
2679,#009,m1,No UV,14.39403501
2758,#009,m1,No UV,14.39403501
2582,#009,m1,No UV,14.39449852
10499,#317,m1,No UV,14.39588818
6542,#263,m1,No UV,14.3963511
9839,#303,m1,No UV,14.3963511
2895,#009,m1,No UV,14.3972765
6538,#263,m1,No UV,14.3972765
9328,#291,m1,No UV,14.3972765
11729,#970,m1,No UV,14.3982013
8105,#282,m1,No UV,14.39866348
3181,#009,m1,No UV,14.39912552
6238,#263,m1,No UV,14.39912552
6428,#263,m1,No UV,14.3995874
10365,#317,m1,No UV,14.3995874
12713,#974,m1,No UV,14.40004914
7956,#282,m1,No UV,14.40097217
8174,#282,m1,No UV,14.40097217
3169,#009,m1,No UV,14.40419813
11738,#970,m1,No UV,14.40465839
668,#003,m1,No UV,14.4060383
2568,#009,m1,No UV,14.40833522
8203,#282,m1,No UV,14.41337561
5338,#258,m1,No UV,14.41657398
7243,#281,m1,No UV,14.41657398
7195,#281,m1,No UV,14.41794255
1725,#006,m1,No UV,14.41839845
2775,#009,m1,No UV,14.41839845
5367,#258,m1,No UV,14.41839845
12404,#974,m1,No UV,14.41839845
730,#003,m1,No UV,14.41976528
8727,#289,m1,No UV,14.42022061
5491,#258,m1,No UV,14.42067579
8900,#289,m1,No UV,14.42113082
12339,#974,m1,No UV,14.42204047
5302,#258,m1,No UV,14.42249507
8644,#289,m1,No UV,14.42294954
9235,#291,m1,No UV,14.42294954
6249,#263,m1,No UV,14.42567332
7108,#281,m1,No UV,14.42748632
8808,#289,m1,No UV,14.43020155
3042,#009,m1,No UV,14.4311055
6362,#263,m1,No UV,14.43155726
5357,#258,m1,No UV,14.43200888
12437,#974,m1,No UV,14.43200888
2905,#009,m1,No UV,14.43291169
7123,#281,m1,No UV,14.43291169
4150,#131,m1,No UV,14.43336288
11668,#970,m1,No UV,14.43381394
1763,#006,m1,No UV,14.43561674
2889,#009,m1,No UV,14.43606709
5631,#258,m1,No UV,14.43606709
8879,#289,m1,No UV,14.4374173
12396,#974,m1,No UV,14.43876624
2857,#009,m1,No UV,14.43921561
971,#003,m1,No UV,14.43966484
6713,#263,m1,No UV,14.44011393
762,#003,m1,No UV,14.44146035
10386,#317,m1,No UV,14.44280552
12709,#974,m1,No UV,14.44370161
3166,#009,m1,No UV,14.44414944
7923,#282,m1,No UV,14.44414944
5700,#258,m1,No UV,14.44593938
8178,#282,m1,No UV,14.44593938
2627,#009,m1,No UV,14.44638652
3039,#009,m1,No UV,14.44906645
10562,#317,m1,No UV,14.44906645
3831,#022,m1,No UV,14.45129593
11636,#970,m1,No UV,14.45263197
7125,#281,m1,No UV,14.45307704
5379,#258,m1,No UV,14.45352197
6537,#263,m1,No UV,14.45441142
4026,#131,m1,No UV,14.45485595
7197,#281,m1,No UV,14.45618869
8787,#289,m1,No UV,14.4570765
11372,#970,m1,No UV,14.4575202
4006,#022,m1,No UV,14.46017955
8069,#282,m1,No UV,14.46017955
1498,#006,m1,No UV,14.4606223
8915,#289,m1,No UV,14.4606223
9927,#303,m1,No UV,14.46150739
3988,#022,m1,No UV,14.462834
7029,#281,m1,No UV,14.46327594
6859,#263,m1,No UV,14.4641594
843,#003,m1,No UV,14.46548358
2936,#009,m1,No UV,14.46548358
9891,#303,m1,No UV,14.46548358
6584,#263,m1,No UV,14.46592471
535,#003,m1,No UV,14.46636569
9122,#291,m1,No UV,14.46636569
4025,#131,m1,No UV,14.46680655
6685,#263,m1,No UV,14.4690088
3953,#022,m1,No UV,14.46988876
785,#003,m1,No UV,14.47208632
12531,#974,m1,No UV,14.47208632
7166,#281,m1,No UV,14.47252543
817,#003,m1,No UV,14.4729644
7959,#282,m1,No UV,14.47340325
9949,#303,m1,No UV,14.47471897
11634,#970,m1,No UV,14.4760335
1722,#006,m1,No UV,14.47647141
6486,#263,m1,No UV,14.47647141
3747,#022,m1,No UV,14.47734683
12450,#974,m1,No UV,14.47778434
5199,#258,m1,No UV,14.47822172
5315,#258,m1,No UV,14.47822172
12496,#974,m1,No UV,14.48084322
3111,#009,m1,No UV,14.48171599
10065,#303,m1,No UV,14.48215218
9871,#303,m1,No UV,14.48433115
12554,#974,m1,No UV,14.48520182
932,#003,m1,No UV,14.48607196
11614,#970,m1,No UV,14.48607196
8849,#289,m1,No UV,14.48650683
9115,#291,m1,No UV,14.48650683
1658,#006,m1,No UV,14.48824502
7922,#282,m1,No UV,14.48998111
1516,#006,m1,No UV,14.49084838
8194,#282,m1,No UV,14.4921483
628,#003,m1,No UV,14.49387971
12236,#974,m1,No UV,14.49560904
12689,#974,m1,No UV,14.49560904
12525,#974,m1,No UV,14.49604105
12638,#974,m1,No UV,14.4973363
12306,#974,m1,No UV,14.49776779
711,#003,m1,No UV,14.49863039
7126,#281,m1,No UV,14.49863039
2825,#009,m1,No UV,14.4990615
3820,#022,m1,No UV,14.4990615
7983,#282,m1,No UV,14.4990615
3812,#022,m1,No UV,14.50035404
5358,#258,m1,No UV,14.5012151
646,#003,m1,No UV,14.50336548
1561,#006,m1,No UV,14.50336548
840,#003,m1,No UV,14.50551267
9749,#303,m1,No UV,14.50551267
11829,#970,m1,No UV,14.50551267
6812,#263,m1,No UV,14.50722812
8112,#282,m1,No UV,14.50722812
3714,#022,m1,No UV,14.50765667
1563,#006,m1,No UV,14.50808508
487,#003,m1,No UV,14.50979748
1800,#006,m1,No UV,14.51022526
3130,#009,m1,No UV,14.51022526
739,#003,m1,No UV,14.51150785
11375,#970,m1,No UV,14.51150785
8668,#289,m1,No UV,14.51236227
1815,#006,m1,No UV,14.5127893
522,#003,m1,No UV,14.51406961
5560,#258,m1,No UV,14.51534878
10496,#317,m1,No UV,14.51534878
8918,#289,m1,No UV,14.51747822
11627,#970,m1,No UV,14.51747822
3128,#009,m1,No UV,14.52045416
6568,#263,m1,No UV,14.52172769
3171,#009,m1,No UV,14.52342398
7914,#282,m1,No UV,14.52342398
754,#003,m1,No UV,14.52723336
462,#003,m1,No UV,14.52850092
7969,#282,m1,No UV,14.52850092
12387,#974,m1,No UV,14.52934534
11658,#970,m1,No UV,14.53061105
2854,#009,m1,No UV,14.53103271
5476,#258,m1,No UV,14.53145424
2688,#009,m1,No UV,14.5327181
6407,#263,m1,No UV,14.53313914
8044,#282,m1,No UV,14.53482207
6697,#263,m1,No UV,14.5356628
766,#003,m1,No UV,14.53650304
2911,#009,m1,No UV,14.53650304
4032,#131,m1,No UV,14.53650304
6560,#263,m1,No UV,14.53650304
838,#003,m1,No UV,14.53692298
9886,#303,m1,No UV,14.53692298
630,#003,m1,No UV,14.53902084
12421,#974,m1,No UV,14.54027809
772,#003,m1,No UV,14.54111565
2561,#009,m1,No UV,14.54111565
1595,#006,m1,No UV,14.54195272
983,#003,m1,No UV,14.54237108
11686,#970,m1,No UV,14.54320742
8693,#289,m1,No UV,14.54362541
12637,#974,m1,No UV,14.54362541
9159,#291,m1,No UV,14.54404328
7189,#281,m1,No UV,14.54529616
1684,#006,m1,No UV,14.54571355
6555,#263,m1,No UV,14.54863188
6432,#263,m1,No UV,14.55112861
3185,#009,m1,No UV,14.55403601
11693,#970,m1,No UV,14.55445088
8790,#289,m1,No UV,14.55486562
708,#003,m1,No UV,14.55569476
11789,#970,m1,No UV,14.55610915
5280,#258,m1,No UV,14.5573516
9299,#291,m1,No UV,14.55817931
765,#003,m1,No UV,14.55859299
9247,#291,m1,No UV,14.5598333
10617,#317,m1,No UV,14.56065959
2592,#009,m1,No UV,14.5614854
5544,#258,m1,No UV,14.5614854
3868,#022,m1,No UV,14.56437203
2683,#009,m1,No UV,14.56725289
5808,#258,m1,No UV,14.56725289
9152,#291,m1,No UV,14.56807494
2981,#009,m1,No UV,14.56848579
4212,#131,m1,No UV,14.56848579
2919,#009,m1,No UV,14.57094843
7024,#281,m1,No UV,14.57258786
3184,#009,m1,No UV,14.57340687
6435,#263,m1,No UV,14.57586113
639,#003,m1,No UV,14.57667829
3016,#009,m1,No UV,14.57790316
5458,#258,m1,No UV,14.57790316
12660,#974,m1,No UV,14.57831122
12222,#974,m1,No UV,14.57871916
12415,#974,m1,No UV,14.57871916
11486,#970,m1,No UV,14.57912699
10559,#317,m1,No UV,14.57953471
940,#003,m1,No UV,14.58034979
2743,#009,m1,No UV,14.58034979
9248,#291,m1,No UV,14.58238548
8050,#282,m1,No UV,14.58319896
11543,#970,m1,No UV,14.58482453
8128,#282,m1,No UV,14.58523063
5557,#258,m1,No UV,14.58563663
11465,#970,m1,No UV,14.58604251
5271,#258,m1,No UV,14.58685392
5816,#258,m1,No UV,14.58725946
5369,#258,m1,No UV,14.59171285
636,#003,m1,No UV,14.59292503
5805,#258,m1,No UV,14.59292503
8637,#289,m1,No UV,14.59332886
3818,#022,m1,No UV,14.59534633
11667,#970,m1,No UV,14.59574949
712,#003,m1,No UV,14.59615253
9843,#303,m1,No UV,14.59655546
10786,#317,m1,No UV,14.59736099
2900,#009,m1,No UV,14.59776358
12522,#974,m1,No UV,14.59856843
11477,#970,m1,No UV,14.59897069
8811,#289,m1,No UV,14.59937284
7170,#281,m1,No UV,14.60017679
2667,#009,m1,No UV,14.6005786
8096,#282,m1,No UV,14.6005786
5811,#258,m1,No UV,14.60178336
4089,#131,m1,No UV,14.60378905
8863,#289,m1,No UV,14.60459055
11441,#970,m1,No UV,14.6053916
10367,#317,m1,No UV,14.60579196
11718,#970,m1,No UV,14.60699237
12248,#974,m1,No UV,14.60739228
9848,#303,m1,No UV,14.60779209
1877,#006,m1,No UV,14.60819178
5780,#258,m1,No UV,14.60819178
10760,#317,m1,No UV,14.60859137
2914,#009,m1,No UV,14.61018859
9281,#291,m1,No UV,14.61058762
9290,#291,m1,No UV,14.61058762
2690,#009,m1,No UV,14.61178405
10523,#317,m1,No UV,14.61218264
8799,#289,m1,No UV,14.61297949
3865,#022,m1,No UV,14.615765
10486,#317,m1,No UV,14.615765
975,#003,m1,No UV,14.61655988
11641,#970,m1,No UV,14.61655988
2824,#009,m1,No UV,14.61735431
10472,#317,m1,No UV,14.61735431
9246,#291,m1,No UV,14.61775137
1865,#006,m1,No UV,14.61814831
11533,#970,m1,No UV,14.61894187
1594,#006,m1,No UV,14.62250751
6192,#263,m1,No UV,14.62250751
10589,#317,m1,No UV,14.62250751
5718,#258,m1,No UV,14.6236941
10372,#317,m1,No UV,14.6236941
12718,#974,m1,No UV,14.6236941
6626,#263,m1,No UV,14.62408941
907,#003,m1,No UV,14.62606435
7044,#281,m1,No UV,14.62606435
590,#003,m1,No UV,14.62803659
6240,#263,m1,No UV,14.62882474
9922,#303,m1,No UV,14.62882474
2934,#009,m1,No UV,14.63000614
12383,#974,m1,No UV,14.63039973
6765,#263,m1,No UV,14.63118659
5495,#258,m1,No UV,14.63157985
3975,#022,m1,No UV,14.63236606
828,#003,m1,No UV,14.6339372
4009,#022,m1,No UV,14.6339372
11573,#970,m1,No UV,14.63432971
6468,#263,m1,No UV,14.63511443
1585,#006,m1,No UV,14.63824902
3834,#022,m1,No UV,14.63824902
7249,#281,m1,No UV,14.63824902
11493,#970,m1,No UV,14.63824902
5534,#258,m1,No UV,14.63864036
12482,#974,m1,No UV,14.63864036
1772,#006,m1,No UV,14.64020468
583,#003,m1,No UV,14.64254799
4088,#131,m1,No UV,14.64293817
1651,#006,m1,No UV,14.64371822
5696,#258,m1,No UV,14.64410808
6194,#263,m1,No UV,14.64527704
11677,#970,m1,No UV,14.64566649
3697,#022,m1,No UV,14.64761213
6842,#263,m1,No UV,14.64761213
12546,#974,m1,No UV,14.64800095
7031,#281,m1,No UV,14.64838966
8844,#289,m1,No UV,14.64838966
8862,#289,m1,No UV,14.64877826
8002,#282,m1,No UV,14.64916676
3157,#009,m1,No UV,14.65033163
10752,#317,m1,No UV,14.65188334
9820,#303,m1,No UV,14.65343337
2823,#009,m1,No UV,14.65382062
7177,#281,m1,No UV,14.65420777
3034,#009,m1,No UV,14.65498174
8110,#282,m1,No UV,14.65575531
8076,#282,m1,No UV,14.65614193
10334,#317,m1,No UV,14.65614193
815,#003,m1,No UV,14.65730119
2816,#009,m1,No UV,14.65730119
12521,#974,m1,No UV,14.65730119
2778,#009,m1,No UV,14.6576874
8189,#282,m1,No UV,14.6576874
2915,#009,m1,No UV,14.65845952
5645,#258,m1,No UV,14.65961691
564,#003,m1,No UV,14.66038799
1774,#006,m1,No UV,14.66038799
12520,#974,m1,No UV,14.66038799
6438,#263,m1,No UV,14.66192892
2931,#009,m1,No UV,14.6623139
1717,#006,m1,No UV,14.66308354
9788,#303,m1,No UV,14.66423724
10042,#303,m1,No UV,14.6646216
5555,#258,m1,No UV,14.66539001
647,#003,m1,No UV,14.66692561
3954,#022,m1,No UV,14.66692561
5317,#258,m1,No UV,14.66807624
2831,#009,m1,No UV,14.66960898
10429,#317,m1,No UV,14.67075747
8922,#289,m1,No UV,14.67190505
4071,#131,m1,No UV,14.67266959
8151,#282,m1,No UV,14.67305171
12405,#974,m1,No UV,14.67305171
2826,#009,m1,No UV,14.67343373
11776,#970,m1,No UV,14.67343373
584,#003,m1,No UV,14.67457918
6863,#263,m1,No UV,14.67534231
6216,#263,m1,No UV,14.67648625
6301,#263,m1,No UV,14.67648625
10072,#303,m1,No UV,14.67648625
1580,#006,m1,No UV,14.67724837
3093,#009,m1,No UV,14.67839079
11488,#970,m1,No UV,14.6787714
11748,#970,m1,No UV,14.6787714
5419,#258,m1,No UV,14.67915191
6808,#263,m1,No UV,14.67953232
9998,#303,m1,No UV,14.68029283
12662,#974,m1,No UV,14.68067294
10016,#303,m1,No UV,14.68219236
6487,#263,m1,No UV,14.68257197
8632,#289,m1,No UV,14.68295148
11538,#970,m1,No UV,14.68295148
11775,#970,m1,No UV,14.68371019
1600,#006,m1,No UV,14.68560523
3072,#009,m1,No UV,14.68636255
2628,#009,m1,No UV,14.68825412
4107,#131,m1,No UV,14.68825412
8907,#289,m1,No UV,14.68863213
8024,#282,m1,No UV,14.68976558
988,#003,m1,No UV,14.69240685
5809,#258,m1,No UV,14.69278378
3995,#022,m1,No UV,14.69316061
6809,#263,m1,No UV,14.69316061
6817,#263,m1,No UV,14.69316061
1571,#006,m1,No UV,14.69429051
5248,#258,m1,No UV,14.69504328
12303,#974,m1,No UV,14.69504328
5798,#258,m1,No UV,14.69692351
8860,#289,m1,No UV,14.69692351
9222,#291,m1,No UV,14.69729926
1512,#006,m1,No UV,14.69767491
8169,#282,m1,No UV,14.69767491
12285,#974,m1,No UV,14.69805047
2585,#009,m1,No UV,14.69842592
8691,#289,m1,No UV,14.69842592
8207,#282,m1,No UV,14.69880128
12634,#974,m1,No UV,14.69880128
9943,#303,m1,No UV,14.70254952
5814,#258,m1,No UV,14.703298
10001,#303,m1,No UV,14.703298
4230,#131,m1,No UV,14.7051675
9156,#291,m1,No UV,14.70554111
833,#003,m1,No UV,14.70628804
4124,#131,m1,No UV,14.70628804
7926,#282,m1,No UV,14.70703458
1559,#006,m1,No UV,14.70778074
1750,#006,m1,No UV,14.70852651
11713,#970,m1,No UV,14.70889925
5384,#258,m1,No UV,14.7092719
12609,#974,m1,No UV,14.7122496
8196,#282,m1,No UV,14.71336465
6605,#263,m1,No UV,14.71373615
3112,#009,m1,No UV,14.71410754
3893,#022,m1,No UV,14.71485005
1771,#006,m1,No UV,14.7159631
7174,#281,m1,No UV,14.71670466
6717,#263,m1,No UV,14.71707529
3153,#009,m1,No UV,14.71744583
10620,#317,m1,No UV,14.71744583
5790,#258,m1,No UV,14.71855688
726,#003,m1,No UV,14.7192971
12585,#974,m1,No UV,14.7192971
9750,#303,m1,No UV,14.72040672
10498,#317,m1,No UV,14.72077641
955,#003,m1,No UV,14.7248367
5621,#258,m1,No UV,14.72631034
5181,#258,m1,No UV,14.7270466
3981,#022,m1,No UV,14.72741459
6313,#263,m1,No UV,14.72741459
8829,#289,m1,No UV,14.72778248
1606,#006,m1,No UV,14.7288856
774,#003,m1,No UV,14.73072226
8807,#289,m1,No UV,14.73072226
5783,#258,m1,No UV,14.73145627
693,#003,m1,No UV,14.73255658
8851,#289,m1,No UV,14.73255658
9746,#303,m1,No UV,14.73255658
12614,#974,m1,No UV,14.73328966
6263,#263,m1,No UV,14.73438858
695,#003,m1,No UV,14.73512072
6702,#263,m1,No UV,14.73512072
1868,#006,m1,No UV,14.7358525
11746,#970,m1,No UV,14.73621825
10493,#317,m1,No UV,14.7365839
10075,#303,m1,No UV,14.7380456
5456,#258,m1,No UV,14.73841079
1735,#006,m1,No UV,14.7391409
984,#003,m1,No UV,14.73950582
5735,#258,m1,No UV,14.74023537
6234,#263,m1,No UV,14.74060001
10810,#317,m1,No UV,14.74132901
8170,#282,m1,No UV,14.74242183
6332,#263,m1,No UV,14.74351381
468,#003,m1,No UV,14.74387762
7097,#281,m1,No UV,14.74496851
8826,#289,m1,No UV,14.74496851
3200,#009,m1,No UV,14.74533195
6344,#263,m1,No UV,14.74533195
3924,#022,m1,No UV,14.74678482
5220,#258,m1,No UV,14.74714781
3906,#022,m1,No UV,14.7475107
12670,#974,m1,No UV,14.7475107
11546,#970,m1,No UV,14.74823622
638,#003,m1,No UV,14.74896138
2755,#009,m1,No UV,14.74968617
9305,#291,m1,No UV,14.74968617
12717,#974,m1,No UV,14.75041059
1662,#006,m1,No UV,14.75077267
6201,#263,m1,No UV,14.75149655
6250,#263,m1,No UV,14.75258169
8064,#282,m1,No UV,14.75438845
1510,#006,m1,No UV,14.75619295
1556,#006,m1,No UV,14.75655357
3903,#022,m1,No UV,14.75691411
5815,#258,m1,No UV,14.75691411
4055,#131,m1,No UV,14.75799519
12391,#974,m1,No UV,14.75799519
12578,#974,m1,No UV,14.75871546
10033,#303,m1,No UV,14.76015491
3059,#009,m1,No UV,14.7608741
787,#003,m1,No UV,14.76123356
2616,#009,m1,No UV,14.76123356
6833,#263,m1,No UV,14.76123356
12365,#974,m1,No UV,14.76231141
8097,#282,m1,No UV,14.76267051
10630,#317,m1,No UV,14.76482325
12393,#974,m1,No UV,14.76482325
4221,#131,m1,No UV,14.76589842
3798,#022,m1,No UV,14.76625663
11754,#970,m1,No UV,14.76661475
7105,#281,m1,No UV,14.76697278
6505,#263,m1,No UV,14.76911912
10396,#317,m1,No UV,14.76911912
3086,#009,m1,No UV,14.76947653
1687,#006,m1,No UV,14.76983386
5432,#258,m1,No UV,14.77019109
8854,#289,m1,No UV,14.77019109
8007,#282,m1,No UV,14.77197594
537,#003,m1,No UV,14.77268927
9847,#303,m1,No UV,14.77375859
1784,#006,m1,No UV,14.77447103
500,#003,m1,No UV,14.77518312
1766,#006,m1,No UV,14.77660625
3146,#009,m1,No UV,14.77838319
6460,#263,m1,No UV,14.77909335
11751,#970,m1,No UV,14.77909335
2949,#009,m1,No UV,14.77980316
10026,#303,m1,No UV,14.78193051
12361,#974,m1,No UV,14.78193051
6559,#263,m1,No UV,14.78228476
2587,#009,m1,No UV,14.78263893
9818,#303,m1,No UV,14.78299301
4144,#131,m1,No UV,14.7837009
6588,#263,m1,No UV,14.7837009
596,#003,m1,No UV,14.78440845
12544,#974,m1,No UV,14.78546913
4193,#131,m1,No UV,14.78617581
6774,#263,m1,No UV,14.78652902
527,#003,m1,No UV,14.78723519
4214,#131,m1,No UV,14.78723519
12305,#974,m1,No UV,14.78723519
1869,#006,m1,No UV,14.78758814
1789,#006,m1,No UV,14.78829379
8191,#282,m1,No UV,14.7900564
3876,#022,m1,No UV,14.79146494
5500,#258,m1,No UV,14.79146494
11458,#970,m1,No UV,14.79216869
9803,#303,m1,No UV,14.79252044
12253,#974,m1,No UV,14.79392657
9932,#303,m1,No UV,14.79603321
12644,#974,m1,No UV,14.79673474
6806,#263,m1,No UV,14.79813678
6369,#263,m1,No UV,14.79848707
9940,#303,m1,No UV,14.80023728
4116,#131,m1,No UV,14.80093677
882,#003,m1,No UV,14.80268401
9320,#291,m1,No UV,14.80268401
5438,#258,m1,No UV,14.8030332
11753,#970,m1,No UV,14.80547519
6841,#263,m1,No UV,14.80686877
6617,#263,m1,No UV,14.80721695
6800,#263,m1,No UV,14.80756505
2771,#009,m1,No UV,14.80791306
4177,#131,m1,No UV,14.80791306
3062,#009,m1,No UV,14.80860884
6554,#263,m1,No UV,14.80965188
922,#003,m1,No UV,14.80999939
959,#003,m1,No UV,14.8113886
5378,#258,m1,No UV,14.8113886
10691,#317,m1,No UV,14.81277647
1720,#006,m1,No UV,14.81312323
10801,#317,m1,No UV,14.81346991
3905,#022,m1,No UV,14.81520205
6463,#263,m1,No UV,14.81520205
9814,#303,m1,No UV,14.81589432
463,#003,m1,No UV,14.81658626
10788,#317,m1,No UV,14.81727787
4202,#131,m1,No UV,14.81762355
12296,#974,m1,No UV,14.81831466
1862,#006,m1,No UV,14.81900544
2599,#009,m1,No UV,14.8193507
6769,#263,m1,No UV,14.82004099
4228,#131,m1,No UV,14.82038601
10478,#317,m1,No UV,14.8210758
1670,#006,m1,No UV,14.82142057
1790,#006,m1,No UV,14.82142057
4174,#131,m1,No UV,14.82142057
3738,#022,m1,No UV,14.82314319
3861,#022,m1,No UV,14.82314319
9952,#303,m1,No UV,14.82383166
3787,#022,m1,No UV,14.82451981
6367,#263,m1,No UV,14.82520762
8735,#289,m1,No UV,14.82520762
11472,#970,m1,No UV,14.82623873
10364,#317,m1,No UV,14.82829875
8700,#289,m1,No UV,14.82898476
703,#003,m1,No UV,14.82932765
8200,#282,m1,No UV,14.82932765
6451,#263,m1,No UV,14.83001318
9211,#291,m1,No UV,14.83172558
10615,#317,m1,No UV,14.83343595
718,#003,m1,No UV,14.83480278
3785,#022,m1,No UV,14.83514429
9918,#303,m1,No UV,14.83548571
3135,#009,m1,No UV,14.83685061
8061,#282,m1,No UV,14.83821422
8025,#282,m1,No UV,14.83957653
3147,#009,m1,No UV,14.83991691
6380,#263,m1,No UV,14.84093757
10651,#317,m1,No UV,14.84093757
8656,#289,m1,No UV,14.84297671
9870,#303,m1,No UV,14.84331629
10690,#317,m1,No UV,14.84399521
6804,#263,m1,No UV,14.84433454
3825,#022,m1,No UV,14.84603004
2986,#009,m1,No UV,14.8463689
10709,#317,m1,No UV,14.8463689
6682,#263,m1,No UV,14.84772354
5253,#258,m1,No UV,14.84873869
10354,#317,m1,No UV,14.84941506
613,#003,m1,No UV,14.85076684
562,#003,m1,No UV,14.85110459
9213,#291,m1,No UV,14.85110459
773,#003,m1,No UV,14.85177985
7162,#281,m1,No UV,14.85177985
7190,#281,m1,No UV,14.85211737
5393,#258,m1,No UV,14.8524548
503,#003,m1,No UV,14.85312943
511,#003,m1,No UV,14.85548815
3102,#009,m1,No UV,14.85548815
5606,#258,m1,No UV,14.85750685
10052,#303,m1,No UV,14.85817912
6449,#263,m1,No UV,14.85851514
5251,#258,m1,No UV,14.85985843
12527,#974,m1,No UV,14.85985843
3081,#009,m1,No UV,14.86555351
10749,#317,m1,No UV,14.86555351
2623,#009,m1,No UV,14.86588781
3160,#009,m1,No UV,14.86622204
3205,#009,m1,No UV,14.86689026
10721,#317,m1,No UV,14.86722426
2598,#009,m1,No UV,14.86855947
912,#003,m1,No UV,14.86989345
9815,#303,m1,No UV,14.86989345
2892,#009,m1,No UV,14.87022675
1667,#006,m1,No UV,14.87155918
10586,#317,m1,No UV,14.8725577
3029,#009,m1,No UV,14.87289039
10522,#317,m1,No UV,14.87289039
755,#003,m1,No UV,14.87388799
10731,#317,m1,No UV,14.87554912
9314,#291,m1,No UV,14.87588112
7274,#281,m1,No UV,14.87654489
5601,#258,m1,No UV,14.87720835
10720,#317,m1,No UV,14.87753996
6720,#263,m1,No UV,14.8778715
5312,#258,m1,No UV,14.87820297
2691,#009,m1,No UV,14.87853435
585,#003,m1,No UV,14.87886566
9160,#291,m1,No UV,14.87886566
6459,#263,m1,No UV,14.8791969
2618,#009,m1,No UV,14.87952806
6312,#263,m1,No UV,14.88184405
682,#003,m1,No UV,14.8821746
5559,#258,m1,No UV,14.88382623
12536,#974,m1,No UV,14.88415632
8910,#289,m1,No UV,14.88448635
12477,#974,m1,No UV,14.88844074
12558,#974,m1,No UV,14.88844074
580,#003,m1,No UV,14.88876979
2940,#009,m1,No UV,14.88942765
8764,#289,m1,No UV,14.89074248
1872,#006,m1,No UV,14.891071
3191,#009,m1,No UV,14.89205611
7173,#281,m1,No UV,14.89205611
5522,#258,m1,No UV,14.89271248
9923,#303,m1,No UV,14.89435209
8664,#289,m1,No UV,14.89500742
10028,#303,m1,No UV,14.89566244
1699,#006,m1,No UV,14.89664442
10024,#303,m1,No UV,14.8969716
820,#003,m1,No UV,14.89729871
8172,#282,m1,No UV,14.89729871
571,#003,m1,No UV,14.89958636
10769,#317,m1,No UV,14.89958636
2711,#009,m1,No UV,14.9021964
3090,#009,m1,No UV,14.90252232
11463,#970,m1,No UV,14.90317394
6195,#263,m1,No UV,14.90349964
3904,#022,m1,No UV,14.90480172
12449,#974,m1,No UV,14.90480172
757,#003,m1,No UV,14.90545231
8822,#289,m1,No UV,14.90545231
906,#003,m1,No UV,14.9057775
5734,#258,m1,No UV,14.90870089
1878,#006,m1,No UV,14.90967404
2675,#009,m1,No UV,14.90999828
5207,#258,m1,No UV,14.91064654
5799,#258,m1,No UV,14.91097056
6860,#263,m1,No UV,14.91097056
8120,#282,m1,No UV,14.91097056
6587,#263,m1,No UV,14.9112945
2588,#009,m1,No UV,14.91258956
12708,#974,m1,No UV,14.91420675
917,#003,m1,No UV,14.91582213
2563,#009,m1,No UV,14.91582213
12556,#974,m1,No UV,14.91646778
9154,#291,m1,No UV,14.91679049
1636,#006,m1,No UV,14.9174357
690,#003,m1,No UV,14.92097922
6333,#263,m1,No UV,14.92162257
11811,#970,m1,No UV,14.92162257
5439,#258,m1,No UV,14.92322967
6323,#263,m1,No UV,14.92322967
5255,#258,m1,No UV,14.92419307
776,#003,m1,No UV,14.92451406
7974,#282,m1,No UV,14.92579731
778,#003,m1,No UV,14.92611795
8111,#282,m1,No UV,14.92643851
5404,#258,m1,No UV,14.926759
12471,#974,m1,No UV,14.92739977
510,#003,m1,No UV,14.92932038
2978,#009,m1,No UV,14.92996001
10373,#317,m1,No UV,14.92996001
8028,#282,m1,No UV,14.93027972
12269,#974,m1,No UV,14.93027972
497,#003,m1,No UV,14.93123843
3864,#022,m1,No UV,14.93123843
8056,#282,m1,No UV,14.9321965
10606,#317,m1,No UV,14.93251572
8866,#289,m1,No UV,14.93315394
4178,#131,m1,No UV,14.93411074
10677,#317,m1,No UV,14.93411074
1747,#006,m1,No UV,14.935704
11515,#970,m1,No UV,14.935704
12576,#974,m1,No UV,14.9372955
4080,#131,m1,No UV,14.93761359
12582,#974,m1,No UV,14.93761359
6277,#263,m1,No UV,14.93824956
11359,#970,m1,No UV,14.93824956
5806,#258,m1,No UV,14.93856743
1859,#006,m1,No UV,14.93952065
649,#003,m1,No UV,14.94047324
6721,#263,m1,No UV,14.94047324
6261,#263,m1,No UV,14.9414252
7927,#282,m1,No UV,14.9414252
9947,#303,m1,No UV,14.94205949
12524,#974,m1,No UV,14.9426935
12612,#974,m1,No UV,14.94301041
10058,#303,m1,No UV,14.94491036
6743,#263,m1,No UV,14.94712381
10766,#317,m1,No UV,14.94807139
8052,#282,m1,No UV,14.94870277
1754,#006,m1,No UV,14.94933387
12320,#974,m1,No UV,14.94933387
9117,#291,m1,No UV,14.94964931
1752,#006,m1,No UV,14.95028
5565,#258,m1,No UV,14.95028
2844,#009,m1,No UV,14.95059524
2630,#009,m1,No UV,14.95122551
2658,#009,m1,No UV,14.95122551
3986,#022,m1,No UV,14.95279999
2766,#009,m1,No UV,14.9534293
2554,#009,m1,No UV,14.95374385
9780,#303,m1,No UV,14.95405834
4223,#131,m1,No UV,14.95437275
2606,#009,m1,No UV,14.9581404
5266,#258,m1,No UV,14.95845393
3773,#022,m1,No UV,14.95908078
5607,#258,m1,No UV,14.9593941
5619,#258,m1,No UV,14.96002054
3152,#009,m1,No UV,14.9609597
10685,#317,m1,No UV,14.96189824
2664,#009,m1,No UV,14.96439804
5353,#258,m1,No UV,14.96595821
809,#003,m1,No UV,14.96627004
3891,#022,m1,No UV,14.9675167
6662,#263,m1,No UV,14.9675167
11469,#970,m1,No UV,14.9678282
5600,#258,m1,No UV,14.96845099
10030,#303,m1,No UV,14.97000679
8685,#289,m1,No UV,14.97187154
872,#003,m1,No UV,14.97280302
6807,#263,m1,No UV,14.97342366
8164,#282,m1,No UV,14.97342366
11724,#970,m1,No UV,14.97466416
8145,#282,m1,No UV,14.97559383
3894,#022,m1,No UV,14.97683246
11483,#970,m1,No UV,14.97683246
12187,#974,m1,No UV,14.97714195
1619,#006,m1,No UV,14.97992439
7939,#282,m1,No UV,14.97992439
6204,#263,m1,No UV,14.98023322
2836,#009,m1,No UV,14.98054198
5704,#258,m1,No UV,14.98085068
8168,#282,m1,No UV,14.98146788
12446,#974,m1,No UV,14.98300971
1623,#006,m1,No UV,14.98331788
11739,#970,m1,No UV,14.98331788
12328,#974,m1,No UV,14.98331788
656,#003,m1,No UV,14.98578087
2718,#009,m1,No UV,14.98762535
6835,#263,m1,No UV,14.98793254
6636,#263,m1,No UV,14.9888537
11550,#970,m1,No UV,14.98946749
1703,#006,m1,No UV,14.99069427
5510,#258,m1,No UV,14.9910008
11574,#970,m1,No UV,14.9910008
7261,#281,m1,No UV,14.99161367
3008,#009,m1,No UV,14.99345072
8077,#282,m1,No UV,14.99467412
12228,#974,m1,No UV,14.99467412
6355,#263,m1,No UV,14.99833811
12592,#974,m1,No UV,14.99833811
10605,#317,m1,No UV,14.99894787
5725,#258,m1,No UV,14.99955737
1609,#006,m1,No UV,15.00016662
12319,#974,m1,No UV,15.00016662
1500,#006,m1,No UV,15.00047114
11433,#970,m1,No UV,15.00047114
6834,#263,m1,No UV,15.00168861
12606,#974,m1,No UV,15.00168861
4044,#131,m1,No UV,15.00260103
11717,#970,m1,No UV,15.003209
5490,#258,m1,No UV,15.00351288
11446,#970,m1,No UV,15.00472778
10376,#317,m1,No UV,15.00503135
3127,#009,m1,No UV,15.00624497
5348,#258,m1,No UV,15.00654822
4146,#131,m1,No UV,15.00776057
10686,#317,m1,No UV,15.00987973
1589,#006,m1,No UV,15.01048463
1669,#006,m1,No UV,15.01380708
11673,#970,m1,No UV,15.0162186
6389,#263,m1,No UV,15.01682085
2997,#009,m1,No UV,15.01832539
568,#003,m1,No UV,15.0186261
9809,#303,m1,No UV,15.0186261
1810,#006,m1,No UV,15.01892676
2717,#009,m1,No UV,15.0204291
11801,#970,m1,No UV,15.02072938
9223,#291,m1,No UV,15.02102959
694,#003,m1,No UV,15.02372874
11691,#970,m1,No UV,15.02402834
9890,#303,m1,No UV,15.02612376
6188,#263,m1,No UV,15.02731977
12311,#974,m1,No UV,15.02731977
3743,#022,m1,No UV,15.0288134
10591,#317,m1,No UV,15.0288134
753,#003,m1,No UV,15.02941042
7194,#281,m1,No UV,15.03060372
807,#003,m1,No UV,15.03090189
10796,#317,m1,No UV,15.03179603
5480,#258,m1,No UV,15.03209395
2760,#009,m1,No UV,15.03298735
11373,#970,m1,No UV,15.03328503
7046,#281,m1,No UV,15.03506981
1625,#006,m1,No UV,15.03536705
9216,#291,m1,No UV,15.03596137
892,#003,m1,No UV,15.03625843
5663,#258,m1,No UV,15.03714926
8017,#282,m1,No UV,15.03803954
10728,#317,m1,No UV,15.03833617
2744,#009,m1,No UV,15.04100317
1708,#006,m1,No UV,15.0412992
6514,#263,m1,No UV,15.0412992
6549,#263,m1,No UV,15.0412992
6467,#263,m1,No UV,15.04189107
9885,#303,m1,No UV,15.0424827
7250,#281,m1,No UV,15.04277843
8186,#282,m1,No UV,15.0433697
9106,#291,m1,No UV,15.04455151
661,#003,m1,No UV,15.0477965
1532,#006,m1,No UV,15.05015192
3910,#022,m1,No UV,15.05044608
7954,#282,m1,No UV,15.05074018
1676,#006,m1,No UV,15.0539713
8769,#289,m1,No UV,15.0539713
8023,#282,m1,No UV,15.05426468
3101,#009,m1,No UV,15.05485126
10043,#303,m1,No UV,15.05485126
10011,#303,m1,No UV,15.05514446
909,#003,m1,No UV,15.05660957
6330,#263,m1,No UV,15.05748793
697,#003,m1,No UV,15.0580732
6236,#263,m1,No UV,15.05865823
6352,#263,m1,No UV,15.05895066
12256,#974,m1,No UV,15.06041191
627,#003,m1,No UV,15.06157985
2709,#009,m1,No UV,15.06187169
8187,#282,m1,No UV,15.06303845
8049,#282,m1,No UV,15.06332999
11474,#970,m1,No UV,15.06362147
10633,#317,m1,No UV,15.0639129
12378,#974,m1,No UV,15.06449557
8130,#282,m1,No UV,15.06653307
11534,#970,m1,No UV,15.06711468
1567,#006,m1,No UV,15.0674054
12735,#974,m1,No UV,15.0674054
6531,#263,m1,No UV,15.06827721
7919,#282,m1,No UV,15.06856769
12468,#974,m1,No UV,15.06885812
12714,#974,m1,No UV,15.06914849
2850,#009,m1,No UV,15.07088947
11805,#970,m1,No UV,15.07117943
9097,#291,m1,No UV,15.07349701
5551,#258,m1,No UV,15.07436515
3926,#022,m1,No UV,15.07465441
9135,#291,m1,No UV,15.07783247
589,#003,m1,No UV,15.07812104
10394,#317,m1,No UV,15.07812104
11643,#970,m1,No UV,15.08215494
6748,#263,m1,No UV,15.08273029
9924,#303,m1,No UV,15.08416767
3063,#009,m1,No UV,15.08560362
759,#003,m1,No UV,15.08675135
5793,#258,m1,No UV,15.08732487
6595,#263,m1,No UV,15.08875768
6828,#263,m1,No UV,15.08875768
6511,#263,m1,No UV,15.0893304
5719,#258,m1,No UV,15.09104722
6705,#263,m1,No UV,15.09133315
3095,#009,m1,No UV,15.09304759
5301,#258,m1,No UV,15.09390404
4036,#131,m1,No UV,15.09475998
3107,#009,m1,No UV,15.09618543
4043,#131,m1,No UV,15.09618543
5707,#258,m1,No UV,15.09618543
6311,#263,m1,No UV,15.09618543
5334,#258,m1,No UV,15.09704002
10798,#317,m1,No UV,15.09704002
5311,#258,m1,No UV,15.09760947
6336,#263,m1,No UV,15.09874769
10725,#317,m1,No UV,15.09931647
2724,#009,m1,No UV,15.09988502
6543,#263,m1,No UV,15.10016921
11757,#970,m1,No UV,15.10130541
12510,#974,m1,No UV,15.10130541
10557,#317,m1,No UV,15.10158932
7244,#281,m1,No UV,15.10272441
2916,#009,m1,No UV,15.10442537
8901,#289,m1,No UV,15.10442537
1680,#006,m1,No UV,15.10527509
3712,#022,m1,No UV,15.10612432
9777,#303,m1,No UV,15.10640728
10679,#317,m1,No UV,15.10838648
643,#003,m1,No UV,15.10951624
531,#003,m1,No UV,15.10979854
3013,#009,m1,No UV,15.10979854
5669,#258,m1,No UV,15.11036297
10730,#317,m1,No UV,15.11036297
11368,#970,m1,No UV,15.11092719
6232,#263,m1,No UV,15.11177309
6646,#263,m1,No UV,15.11402642
3208,#009,m1,No UV,15.11430784
5791,#258,m1,No UV,15.11430784
5486,#258,m1,No UV,15.11458921
2929,#009,m1,No UV,15.11571412
8106,#282,m1,No UV,15.11655722
631,#003,m1,No UV,15.11824196
10520,#317,m1,No UV,15.11824196
5525,#258,m1,No UV,15.11852256
5541,#258,m1,No UV,15.11908359
7960,#282,m1,No UV,15.11992473
5422,#258,m1,No UV,15.12076538
504,#003,m1,No UV,15.12188548
10780,#317,m1,No UV,15.12328439
2989,#009,m1,No UV,15.12440254
6608,#263,m1,No UV,15.12440254
8767,#289,m1,No UV,15.12551983
12239,#974,m1,No UV,15.12607815
6421,#263,m1,No UV,15.12914504
3202,#009,m1,No UV,15.12970196
2678,#009,m1,No UV,15.13387201
913,#003,m1,No UV,15.13692239
1821,#006,m1,No UV,15.13747632
7121,#281,m1,No UV,15.1377532
6656,#263,m1,No UV,15.1388602
6854,#263,m1,No UV,15.13968989
1536,#006,m1,No UV,15.1405191
6343,#263,m1,No UV,15.1407954
1767,#006,m1,No UV,15.14107165
8005,#282,m1,No UV,15.14107165
11671,#970,m1,No UV,15.14327972
7171,#281,m1,No UV,15.14355549
9125,#291,m1,No UV,15.14823554
6498,#263,m1,No UV,15.14905986
3945,#022,m1,No UV,15.14933453
5795,#258,m1,No UV,15.15070709
11457,#970,m1,No UV,15.15125575
9274,#291,m1,No UV,15.15235244
1668,#006,m1,No UV,15.15262648
10389,#317,m1,No UV,15.15372213
10362,#317,m1,No UV,15.15563751
10650,#317,m1,No UV,15.15645761
2617,#009,m1,No UV,15.15755036
6413,#263,m1,No UV,15.16218531
9145,#291,m1,No UV,15.16245749
11763,#970,m1,No UV,15.1635457
5332,#258,m1,No UV,15.16463309
622,#003,m1,No UV,15.16517648
1777,#006,m1,No UV,15.16571966
10793,#317,m1,No UV,15.16626264
8129,#282,m1,No UV,15.16870352
12519,#974,m1,No UV,15.16870352
5755,#258,m1,No UV,15.16978703
2698,#009,m1,No UV,15.17168122
4172,#131,m1,No UV,15.17168122
9972,#303,m1,No UV,15.17168122
8035,#282,m1,No UV,15.1727625
7117,#281,m1,No UV,15.17330283
1497,#006,m1,No UV,15.17357292
5671,#258,m1,No UV,15.17357292
11819,#970,m1,No UV,15.17411295
11711,#970,m1,No UV,15.17438289
483,#003,m1,No UV,15.17519241
2594,#009,m1,No UV,15.17519241
5370,#258,m1,No UV,15.17573184
8848,#289,m1,No UV,15.17573184
5225,#258,m1,No UV,15.17600148
10683,#317,m1,No UV,15.17761824
4123,#131,m1,No UV,15.17788753
12386,#974,m1,No UV,15.1792332
5344,#258,m1,No UV,15.18030883
9120,#291,m1,No UV,15.18030883
11357,#970,m1,No UV,15.18030883
3052,#009,m1,No UV,15.18057762
3082,#009,m1,No UV,15.18138367
692,#003,m1,No UV,15.18299442
11741,#970,m1,No UV,15.18406725
3023,#009,m1,No UV,15.18433534
12699,#974,m1,No UV,15.18433534
2731,#009,m1,No UV,15.18621053
3739,#022,m1,No UV,15.18621053
611,#003,m1,No UV,15.18647822
10528,#317,m1,No UV,15.18728098
6321,#263,m1,No UV,15.18754847
748,#003,m1,No UV,15.18888516
12478,#974,m1,No UV,15.18888516
2721,#009,m1,No UV,15.19022062
6640,#263,m1,No UV,15.19075446
8701,#289,m1,No UV,15.19262133
895,#003,m1,No UV,15.19342069
10380,#317,m1,No UV,15.19368704
12618,#974,m1,No UV,15.19395334
1534,#006,m1,No UV,15.1944858
6248,#263,m1,No UV,15.19581608
3776,#022,m1,No UV,15.19634785
5400,#258,m1,No UV,15.19661367
752,#003,m1,No UV,15.19687943
3702,#022,m1,No UV,15.19741081
6749,#263,m1,No UV,15.19847298
5692,#258,m1,No UV,15.19900377
5399,#258,m1,No UV,15.19953437
11395,#970,m1,No UV,15.20006477
2733,#009,m1,No UV,15.20165481
8095,#282,m1,No UV,15.20165481
1605,#006,m1,No UV,15.20218444
12580,#974,m1,No UV,15.20218444
2521,#009,m1,No UV,15.20297851
4175,#131,m1,No UV,15.2032431
4076,#131,m1,No UV,15.20350765
5575,#258,m1,No UV,15.20377214
6551,#263,m1,No UV,15.2050939
2608,#009,m1,No UV,15.2053581
3938,#022,m1,No UV,15.2053581
595,#003,m1,No UV,15.20641444
12286,#974,m1,No UV,15.20641444
2642,#009,m1,No UV,15.20878838
9822,#303,m1,No UV,15.21036884
3020,#009,m1,No UV,15.21115842
10740,#317,m1,No UV,15.21221052
4038,#131,m1,No UV,15.21247343
5365,#258,m1,No UV,15.21247343
9329,#291,m1,No UV,15.21273629
8166,#282,m1,No UV,15.21536223
12481,#974,m1,No UV,15.21667342
10800,#317,m1,No UV,15.21824526
2680,#009,m1,No UV,15.2203384
948,#003,m1,No UV,15.22086121
2947,#009,m1,No UV,15.22086121
3046,#009,m1,No UV,15.22112255
10433,#317,m1,No UV,15.22138383
5469,#258,m1,No UV,15.22190627
11591,#970,m1,No UV,15.22190627
9984,#303,m1,No UV,15.22268956
11470,#970,m1,No UV,15.22268956
10560,#317,m1,No UV,15.22425487
588,#003,m1,No UV,15.22477626
3788,#022,m1,No UV,15.22477626
6711,#263,m1,No UV,15.22477626
11758,#970,m1,No UV,15.22529747
523,#003,m1,No UV,15.22738041
10019,#303,m1,No UV,15.22972012
1783,#006,m1,No UV,15.23101833
5430,#258,m1,No UV,15.23127783
3161,#009,m1,No UV,15.23153728
3707,#022,m1,No UV,15.23309303
4084,#131,m1,No UV,15.23309303
4141,#131,m1,No UV,15.23335216
12598,#974,m1,No UV,15.23542351
2946,#009,m1,No UV,15.23645807
9323,#291,m1,No UV,15.23645807
7168,#281,m1,No UV,15.23826677
10491,#317,m1,No UV,15.23904123
3791,#022,m1,No UV,15.24058891
6395,#263,m1,No UV,15.24084669
6678,#263,m1,No UV,15.24110443
2768,#009,m1,No UV,15.24470796
2732,#009,m1,No UV,15.24496501
2837,#009,m1,No UV,15.24522201
9950,#303,m1,No UV,15.24573588
8062,#282,m1,No UV,15.24650635
3037,#009,m1,No UV,15.24676308
8896,#289,m1,No UV,15.24778954
3958,#022,m1,No UV,15.24907159
687,#003,m1,No UV,15.25137642
505,#003,m1,No UV,15.25342207
6324,#263,m1,No UV,15.25342207
11676,#970,m1,No UV,15.25367758
1792,#006,m1,No UV,15.25418845
675,#003,m1,No UV,15.25469914
2562,#009,m1,No UV,15.25469914
9243,#291,m1,No UV,15.25495441
3030,#009,m1,No UV,15.25520964
7995,#282,m1,No UV,15.25520964
8855,#289,m1,No UV,15.25597507
11454,#970,m1,No UV,15.25674008
3035,#009,m1,No UV,15.256995
6191,#263,m1,No UV,15.256995
12453,#974,m1,No UV,15.256995
7984,#282,m1,No UV,15.2575047
11764,#970,m1,No UV,15.2575047
12181,#974,m1,No UV,15.26081334
986,#003,m1,No UV,15.26106754
9137,#291,m1,No UV,15.26182986
2890,#009,m1,No UV,15.2630995
610,#003,m1,No UV,15.26411441
10705,#317,m1,No UV,15.26411441
10368,#317,m1,No UV,15.26588879
6655,#263,m1,No UV,15.26614209
664,#003,m1,No UV,15.26664857
11795,#970,m1,No UV,15.26740795
2674,#009,m1,No UV,15.26892551
3898,#022,m1,No UV,15.27397255
11780,#970,m1,No UV,15.27598643
5198,#258,m1,No UV,15.27674091
7160,#281,m1,No UV,15.277495
960,#003,m1,No UV,15.27774628
5224,#258,m1,No UV,15.27774628
12372,#974,m1,No UV,15.27774628
4041,#131,m1,No UV,15.27799751
12327,#974,m1,No UV,15.27799751
513,#003,m1,No UV,15.27875094
8209,#282,m1,No UV,15.27875094
5494,#258,m1,No UV,15.27925301
920,#003,m1,No UV,15.28476427
5275,#258,m1,No UV,15.28576405
6476,#263,m1,No UV,15.28626369
10483,#317,m1,No UV,15.28726244
6767,#263,m1,No UV,15.28776155
614,#003,m1,No UV,15.2882605
11442,#970,m1,No UV,15.28925787
11817,#970,m1,No UV,15.28975629
9985,#303,m1,No UV,15.29149943
6470,#263,m1,No UV,15.29299188
11799,#970,m1,No UV,15.29398598
5549,#258,m1,No UV,15.29473111
2575,#009,m1,No UV,15.29597214
3789,#022,m1,No UV,15.29770779
11479,#970,m1,No UV,15.2982033
8205,#282,m1,No UV,15.298451
9844,#303,m1,No UV,15.29894626
8919,#289,m1,No UV,15.29968883
3182,#009,m1,No UV,15.29993627
3964,#022,m1,No UV,15.30067833
5789,#258,m1,No UV,15.30117283
853,#003,m1,No UV,15.30166716
1874,#006,m1,No UV,15.30191426
12407,#974,m1,No UV,15.30240833
11399,#970,m1,No UV,15.30364278
947,#003,m1,No UV,15.30462957
3120,#009,m1,No UV,15.30462957
9201,#291,m1,No UV,15.30512272
1844,#006,m1,No UV,15.30586212
5484,#258,m1,No UV,15.3061085
6651,#263,m1,No UV,15.3061085
10382,#317,m1,No UV,15.30709361
12653,#974,m1,No UV,15.30832405
12587,#974,m1,No UV,15.30881594
888,#003,m1,No UV,15.3097992
3706,#022,m1,No UV,15.31053621
12435,#974,m1,No UV,15.31053621
9775,#303,m1,No UV,15.31225444
5446,#258,m1,No UV,15.31764129
7262,#281,m1,No UV,15.31764129
8846,#289,m1,No UV,15.31788567
2838,#009,m1,No UV,15.31983922
6527,#263,m1,No UV,15.31983922
1873,#006,m1,No UV,15.32032719
10369,#317,m1,No UV,15.32105884
9813,#303,m1,No UV,15.32130264
9801,#303,m1,No UV,15.3215464
10569,#317,m1,No UV,15.32325157
3100,#009,m1,No UV,15.32398174
9779,#303,m1,No UV,15.32398174
7148,#281,m1,No UV,15.32446832
5737,#258,m1,No UV,15.32471154
10618,#317,m1,No UV,15.32471154
2763,#009,m1,No UV,15.32495473
2596,#009,m1,No UV,15.32592706
879,#003,m1,No UV,15.32738433
3195,#009,m1,No UV,15.32762706
11712,#970,m1,No UV,15.32884012
10638,#317,m1,No UV,15.32932506
11467,#970,m1,No UV,15.32980984
1677,#006,m1,No UV,15.33005217
3989,#022,m1,No UV,15.33029445
1610,#006,m1,No UV,15.33102107
6387,#263,m1,No UV,15.33271508
10808,#317,m1,No UV,15.33464867
6273,#263,m1,No UV,15.33585584
2539,#009,m1,No UV,15.33802622
7269,#281,m1,No UV,15.33802622
3992,#022,m1,No UV,15.33898978
5800,#258,m1,No UV,15.33923057
3866,#022,m1,No UV,15.34043392
10060,#303,m1,No UV,15.34187661
5697,#258,m1,No UV,15.34259742
9151,#291,m1,No UV,15.34259742
3833,#022,m1,No UV,15.34283761
1804,#006,m1,No UV,15.34355794
893,#003,m1,No UV,15.3442779
6478,#263,m1,No UV,15.3442779
12232,#974,m1,No UV,15.34595643
12621,#974,m1,No UV,15.34715419
3900,#022,m1,No UV,15.35193529
9245,#291,m1,No UV,15.35241253
9162,#291,m1,No UV,15.3538433
11471,#970,m1,No UV,15.35408162
5625,#258,m1,No UV,15.35503452
467,#003,m1,No UV,15.35574879
2794,#009,m1,No UV,15.3559868
12217,#974,m1,No UV,15.3559868
6415,#263,m1,No UV,15.35788946
11387,#970,m1,No UV,15.35836474
6707,#263,m1,No UV,15.35860232
873,#003,m1,No UV,15.35931482
4152,#131,m1,No UV,15.35931482
6252,#263,m1,No UV,15.36002696
5237,#258,m1,No UV,15.36050154
6741,#263,m1,No UV,15.36050154
7920,#282,m1,No UV,15.36168728
8161,#282,m1,No UV,15.36168728
9945,#303,m1,No UV,15.36358245
1748,#006,m1,No UV,15.36571154
6370,#263,m1,No UV,15.36642054
1511,#006,m1,No UV,15.36807351
2571,#009,m1,No UV,15.3683095
5801,#258,m1,No UV,15.3683095
11699,#970,m1,No UV,15.36854544
3040,#009,m1,No UV,15.36901722
985,#003,m1,No UV,15.3697246
11518,#970,m1,No UV,15.3697246
5769,#258,m1,No UV,15.37208002
9295,#291,m1,No UV,15.37302111
10790,#317,m1,No UV,15.37513633
12247,#974,m1,No UV,15.37724845
3974,#022,m1,No UV,15.3779518
3065,#009,m1,No UV,15.37865481
3036,#009,m1,No UV,15.38005981
9285,#291,m1,No UV,15.38005981
524,#003,m1,No UV,15.38333282
9194,#291,m1,No UV,15.38333282
8903,#289,m1,No UV,15.38356632
600,#003,m1,No UV,15.38403321
12348,#974,m1,No UV,15.38473327
1581,#006,m1,No UV,15.38496654
9835,#303,m1,No UV,15.38496654
11619,#970,m1,No UV,15.38543298
3939,#022,m1,No UV,15.38613236
2534,#009,m1,No UV,15.38985664
5705,#258,m1,No UV,15.39078621
9810,#303,m1,No UV,15.39194734
11402,#970,m1,No UV,15.39287556
5396,#258,m1,No UV,15.39310753
6846,#263,m1,No UV,15.39542511
5425,#258,m1,No UV,15.3963511
5304,#258,m1,No UV,15.3972765
5362,#258,m1,No UV,15.39773898
6670,#263,m1,No UV,15.3982013
12490,#974,m1,No UV,15.3995874
3845,#022,m1,No UV,15.40051072
5343,#258,m1,No UV,15.40097217
10035,#303,m1,No UV,15.40212512
10718,#317,m1,No UV,15.40212512
8754,#289,m1,No UV,15.40258605
5477,#258,m1,No UV,15.40488847
9804,#303,m1,No UV,15.40488847
3108,#009,m1,No UV,15.40580841
5389,#258,m1,No UV,15.40580841
10666,#317,m1,No UV,15.40902358
6739,#263,m1,No UV,15.40948231
900,#003,m1,No UV,15.40994089
1731,#006,m1,No UV,15.41223161
9130,#291,m1,No UV,15.41268932
644,#003,m1,No UV,15.41497568
3814,#022,m1,No UV,15.4161175
10007,#303,m1,No UV,15.41703031
516,#003,m1,No UV,15.41839845
6452,#263,m1,No UV,15.42022061
11584,#970,m1,No UV,15.42022061
2558,#009,m1,No UV,15.42067579
6825,#263,m1,No UV,15.42317672
11645,#970,m1,No UV,15.42340386
6481,#263,m1,No UV,15.42476596
12461,#974,m1,No UV,15.42499285
8858,#289,m1,No UV,15.42680671
7989,#282,m1,No UV,15.42703328
2933,#009,m1,No UV,15.42748632
6331,#263,m1,No UV,15.42884458
8031,#282,m1,No UV,15.42974937
9920,#303,m1,No UV,15.43042759
6754,#263,m1,No UV,15.43155726
7978,#282,m1,No UV,15.43155726
5616,#258,m1,No UV,15.43246035
10497,#317,m1,No UV,15.43291169
12342,#974,m1,No UV,15.43358843
3700,#022,m1,No UV,15.43403941
5290,#258,m1,No UV,15.43449025
9741,#303,m1,No UV,15.43449025
3154,#009,m1,No UV,15.43516625
5297,#258,m1,No UV,15.43561674
8677,#289,m1,No UV,15.43719235
1647,#006,m1,No UV,15.44011393
12654,#974,m1,No UV,15.4430296
8739,#289,m1,No UV,15.44325363
4148,#131,m1,No UV,15.44414944
11642,#970,m1,No UV,15.44414944
2852,#009,m1,No UV,15.4443733
10676,#317,m1,No UV,15.44459713
1560,#006,m1,No UV,15.44705697
2871,#009,m1,No UV,15.44750377
10763,#317,m1,No UV,15.44750377
6632,#263,m1,No UV,15.44772711
7095,#281,m1,No UV,15.44862014
6710,#263,m1,No UV,15.44973566
784,#003,m1,No UV,15.44995866
9158,#291,m1,No UV,15.44995866
2830,#009,m1,No UV,15.45307704
881,#003,m1,No UV,15.45374438
2901,#009,m1,No UV,15.45396677
5766,#258,m1,No UV,15.45441142
2924,#009,m1,No UV,15.4546337
3756,#022,m1,No UV,15.45552247
5588,#258,m1,No UV,15.45552247
12314,#974,m1,No UV,15.45552247
822,#003,m1,No UV,15.45596665
1632,#006,m1,No UV,15.45618869
12452,#974,m1,No UV,15.45641069
541,#003,m1,No UV,15.457742
4108,#131,m1,No UV,15.45796377
3175,#009,m1,No UV,15.46106491
11737,#970,m1,No UV,15.46194973
1542,#006,m1,No UV,15.462834
2687,#009,m1,No UV,15.462834
6278,#263,m1,No UV,15.462834
3009,#009,m1,No UV,15.46393859
3084,#009,m1,No UV,15.46393859
10355,#317,m1,No UV,15.4641594
7236,#281,m1,No UV,15.46570416
5236,#258,m1,No UV,15.4690088
9131,#291,m1,No UV,15.4690088
5417,#258,m1,No UV,15.47032854
894,#003,m1,No UV,15.47054838
11396,#970,m1,No UV,15.47076819
12502,#974,m1,No UV,15.47076819
7271,#281,m1,No UV,15.47098796
5231,#258,m1,No UV,15.47252543
3170,#009,m1,No UV,15.47493814
573,#003,m1,No UV,15.47537639
6293,#263,m1,No UV,15.4758145
1812,#006,m1,No UV,15.47756561
9205,#291,m1,No UV,15.47778434
11547,#970,m1,No UV,15.47778434
5595,#258,m1,No UV,15.47865897
8188,#282,m1,No UV,15.48018829
4215,#131,m1,No UV,15.48040663
10434,#317,m1,No UV,15.48106146
10689,#317,m1,No UV,15.48149785
1820,#006,m1,No UV,15.4819341
10627,#317,m1,No UV,15.48215218
6785,#263,m1,No UV,15.48454887
8736,#289,m1,No UV,15.48476655
5366,#258,m1,No UV,15.48759344
969,#003,m1,No UV,15.48824502
9138,#291,m1,No UV,15.48824502
12394,#974,m1,No UV,15.48846215
11781,#970,m1,No UV,15.48911333
8904,#289,m1,No UV,15.48976422
1762,#006,m1,No UV,15.49106511
8004,#282,m1,No UV,15.49171512
12469,#974,m1,No UV,15.49258135
2551,#009,m1,No UV,15.49387971
2573,#009,m1,No UV,15.4951769
10017,#303,m1,No UV,15.49604105
2750,#009,m1,No UV,15.49841479
9244,#291,m1,No UV,15.50078463
10390,#317,m1,No UV,15.50250571
8636,#289,m1,No UV,15.50315059
928,#003,m1,No UV,15.50336548
12287,#974,m1,No UV,15.50358035
1655,#006,m1,No UV,15.50379518
10701,#317,m1,No UV,15.50379518
1504,#006,m1,No UV,15.50551267
6515,#263,m1,No UV,15.50658507
2875,#009,m1,No UV,15.50679945
673,#003,m1,No UV,15.50722812
6411,#263,m1,No UV,15.50722812
5724,#258,m1,No UV,15.50765667
8876,#289,m1,No UV,15.50851337
620,#003,m1,No UV,15.50872747
12715,#974,m1,No UV,15.50915557
3985,#022,m1,No UV,15.51001139
12673,#974,m1,No UV,15.51043911
12705,#974,m1,No UV,15.51043911
12528,#974,m1,No UV,15.5138563
9914,#303,m1,No UV,15.51428288
1867,#006,m1,No UV,15.51470933
9199,#291,m1,No UV,15.51534878
1492,#006,m1,No UV,15.51556187
5515,#258,m1,No UV,15.51662682
6674,#263,m1,No UV,15.51683972
9096,#291,m1,No UV,15.51705258
1544,#006,m1,No UV,15.51811644
8163,#282,m1,No UV,15.51875438
11603,#970,m1,No UV,15.5206665
4011,#022,m1,No UV,15.5208788
12451,#974,m1,No UV,15.52130331
12703,#974,m1,No UV,15.52384774
5702,#258,m1,No UV,15.52427138
2535,#009,m1,No UV,15.52448315
5756,#258,m1,No UV,15.52448315
10481,#317,m1,No UV,15.5249066
1809,#006,m1,No UV,15.52575313
6462,#263,m1,No UV,15.52786728
8068,#282,m1,No UV,15.52892319
7988,#282,m1,No UV,15.52976737
495,#003,m1,No UV,15.53250753
953,#003,m1,No UV,15.53313914
578,#003,m1,No UV,15.53377047
4101,#131,m1,No UV,15.53377047
6383,#263,m1,No UV,15.53461181
6822,#263,m1,No UV,15.53461181
6673,#263,m1,No UV,15.5350323
8895,#289,m1,No UV,15.5352425
11742,#970,m1,No UV,15.5352425
12298,#974,m1,No UV,15.53545267
12473,#974,m1,No UV,15.53650305
3897,#022,m1,No UV,15.53776249
5219,#258,m1,No UV,15.53860151
3092,#009,m1,No UV,15.53881119
1711,#006,m1,No UV,15.53902084
7982,#282,m1,No UV,15.54048752
11773,#970,m1,No UV,15.54048752
6609,#263,m1,No UV,15.5409063
10427,#317,m1,No UV,15.5409063
6471,#263,m1,No UV,15.54153424
10747,#317,m1,No UV,15.54341643
1631,#006,m1,No UV,15.54404328
12516,#974,m1,No UV,15.54487866
6740,#263,m1,No UV,15.54571355
10587,#317,m1,No UV,15.54571355
2547,#009,m1,No UV,15.5459222
1578,#006,m1,No UV,15.5488401
8629,#289,m1,No UV,15.54925646
3976,#022,m1,No UV,15.55008883
4168,#131,m1,No UV,15.55008883
2723,#009,m1,No UV,15.55050483
9289,#291,m1,No UV,15.55320592
11516,#970,m1,No UV,15.55320592
10027,#303,m1,No UV,15.55382854
9134,#291,m1,No UV,15.55445088
10637,#317,m1,No UV,15.55465827
12698,#974,m1,No UV,15.55486563
8871,#289,m1,No UV,15.55528025
1488,#006,m1,No UV,15.55569476
715,#003,m1,No UV,15.55693757
945,#003,m1,No UV,15.55693757
8091,#282,m1,No UV,15.5571446
11371,#970,m1,No UV,15.5573516
2956,#009,m1,No UV,15.55776552
11356,#970,m1,No UV,15.55817931
5711,#258,m1,No UV,15.55859299
10360,#317,m1,No UV,15.55941998
5538,#258,m1,No UV,15.56045306
11412,#970,m1,No UV,15.56210445
5759,#258,m1,No UV,15.564578
868,#003,m1,No UV,15.56540157
6777,#263,m1,No UV,15.56663605
5585,#258,m1,No UV,15.56807494
3048,#009,m1,No UV,15.56910184
6577,#263,m1,No UV,15.57033316
3748,#022,m1,No UV,15.57053828
10794,#317,m1,No UV,15.57094843
3695,#022,m1,No UV,15.57504351
11542,#970,m1,No UV,15.57606546
5276,#258,m1,No UV,15.57667829
2939,#009,m1,No UV,15.57729086
1548,#006,m1,No UV,15.57749499
9300,#291,m1,No UV,15.57851521
10513,#317,m1,No UV,15.57912699
5474,#258,m1,No UV,15.57994231
3089,#009,m1,No UV,15.58034979
5615,#258,m1,No UV,15.58258889
7268,#281,m1,No UV,15.58279228
5682,#258,m1,No UV,15.58360552
7270,#281,m1,No UV,15.58380876
831,#003,m1,No UV,15.58421515
10448,#317,m1,No UV,15.5850276
507,#003,m1,No UV,15.58523063
3826,#022,m1,No UV,15.58665111
8682,#289,m1,No UV,15.58685392
10616,#317,m1,No UV,15.58746218
11586,#970,m1,No UV,15.58746218
5611,#258,m1,No UV,15.58948787
5722,#258,m1,No UV,15.59070192
10772,#317,m1,No UV,15.59110638
2614,#009,m1,No UV,15.59171285
7159,#281,m1,No UV,15.59171285
3797,#022,m1,No UV,15.59413619
8796,#289,m1,No UV,15.59413619
11526,#970,m1,No UV,15.59413619
12455,#974,m1,No UV,15.59534633
9771,#303,m1,No UV,15.59554793
8853,#289,m1,No UV,15.59695828
4039,#131,m1,No UV,15.59856843
4068,#131,m1,No UV,15.59917178
9273,#291,m1,No UV,15.59977487
9846,#303,m1,No UV,15.60178336
7904,#282,m1,No UV,15.60278655
7248,#281,m1,No UV,15.60338813
6738,#263,m1,No UV,15.6035886
2611,#009,m1,No UV,15.60418985
12183,#974,m1,No UV,15.60459055
3914,#022,m1,No UV,15.6053916
1737,#006,m1,No UV,15.60899084
12438,#974,m1,No UV,15.60919053
2722,#009,m1,No UV,15.60958984
6731,#263,m1,No UV,15.60978945
3856,#022,m1,No UV,15.61178405
9132,#291,m1,No UV,15.61258112
11355,#970,m1,No UV,15.6137759
9864,#303,m1,No UV,15.61675853
9859,#303,m1,No UV,15.61695715
12555,#974,m1,No UV,15.61755285
6484,#263,m1,No UV,15.61794985
11510,#970,m1,No UV,15.61894187
9754,#303,m1,No UV,15.61914019
4000,#022,m1,No UV,15.61933849
8671,#289,m1,No UV,15.61933849
6523,#263,m1,No UV,15.62052769
10378,#317,m1,No UV,15.62072579
12588,#974,m1,No UV,15.62072579
5269,#258,m1,No UV,15.62171591
6725,#263,m1,No UV,15.62211176
4209,#131,m1,No UV,15.62408941
7192,#281,m1,No UV,15.62428703
9204,#291,m1,No UV,15.62428703
2577,#009,m1,No UV,15.62448461
3066,#009,m1,No UV,15.62468218
10782,#317,m1,No UV,15.6252747
3172,#009,m1,No UV,15.6262617
12724,#974,m1,No UV,15.6262617
8628,#289,m1,No UV,15.62645902
9916,#303,m1,No UV,15.62645902
9284,#291,m1,No UV,15.6274452
5222,#258,m1,No UV,15.62843072
6235,#263,m1,No UV,15.62843072
6356,#263,m1,No UV,15.63000614
6760,#263,m1,No UV,15.63039973
10755,#317,m1,No UV,15.63256255
5717,#258,m1,No UV,15.63334822
12586,#974,m1,No UV,15.63432971
6540,#263,m1,No UV,15.63452593
12532,#974,m1,No UV,15.63589871
10435,#317,m1,No UV,15.63668257
1626,#006,m1,No UV,15.6376618
12458,#974,m1,No UV,15.6376618
2739,#009,m1,No UV,15.63785757
10358,#317,m1,No UV,15.64020468
2713,#009,m1,No UV,15.64079087
10647,#317,m1,No UV,15.6421577
7267,#281,m1,No UV,15.64605583
12663,#974,m1,No UV,15.64741769
8728,#289,m1,No UV,15.64761213
1604,#006,m1,No UV,15.64780655
2773,#009,m1,No UV,15.64858397
4145,#131,m1,No UV,15.64877826
4018,#131,m1,No UV,15.64955516
10631,#317,m1,No UV,15.65110769
7149,#281,m1,No UV,15.65168946
1842,#006,m1,No UV,15.65265856
6401,#263,m1,No UV,15.65323971
791,#003,m1,No UV,15.65362701
2880,#009,m1,No UV,15.65382062
9263,#291,m1,No UV,15.65382062
5363,#258,m1,No UV,15.65401421
3079,#009,m1,No UV,15.65498174
11367,#970,m1,No UV,15.65575531
11587,#970,m1,No UV,15.65710804
8125,#282,m1,No UV,15.65865248
1573,#006,m1,No UV,15.65942408
8800,#289,m1,No UV,15.65980972
485,#003,m1,No UV,15.6600025
12293,#974,m1,No UV,15.66019526
10038,#303,m1,No UV,15.66077338
2625,#009,m1,No UV,15.6617364
12656,#974,m1,No UV,15.6623139
5732,#258,m1,No UV,15.66289117
6239,#263,m1,No UV,15.66308354
8633,#289,m1,No UV,15.66327589
5579,#258,m1,No UV,15.66346821
10410,#317,m1,No UV,15.66346821
12577,#974,m1,No UV,15.6636605
558,#003,m1,No UV,15.66442943
6736,#263,m1,No UV,15.66442943
3980,#022,m1,No UV,15.66481374
908,#003,m1,No UV,15.66596605
5646,#258,m1,No UV,15.66807624
11590,#970,m1,No UV,15.66826792
9214,#291,m1,No UV,15.66845957
939,#003,m1,No UV,15.66865121
7042,#281,m1,No UV,15.66903439
9236,#291,m1,No UV,15.66941748
3741,#022,m1,No UV,15.66980046
5726,#258,m1,No UV,15.66980046
8762,#289,m1,No UV,15.67018334
9988,#303,m1,No UV,15.67056612
11790,#970,m1,No UV,15.67056612
9867,#303,m1,No UV,15.67075747
12198,#974,m1,No UV,15.67190505
9837,#303,m1,No UV,15.67247849
2849,#009,m1,No UV,15.67286066
4126,#131,m1,No UV,15.67286066
11798,#970,m1,No UV,15.67400657
9913,#303,m1,No UV,15.67438834
2917,#009,m1,No UV,15.67515157
11502,#970,m1,No UV,15.67515157
6550,#263,m1,No UV,15.67591439
8092,#282,m1,No UV,15.67610503
6548,#263,m1,No UV,15.67667681
10787,#317,m1,No UV,15.67743883
2529,#009,m1,No UV,15.67953232
8802,#289,m1,No UV,15.6804829
9963,#303,m1,No UV,15.68219236
8083,#282,m1,No UV,15.68352055
857,#003,m1,No UV,15.68371019
12636,#974,m1,No UV,15.6840894
1628,#006,m1,No UV,15.68446851
1741,#006,m1,No UV,15.68446851
7985,#282,m1,No UV,15.68503698
6456,#263,m1,No UV,15.68522642
9119,#291,m1,No UV,15.68806507
2779,#009,m1,No UV,15.68825412
11448,#970,m1,No UV,15.68844314
6684,#263,m1,No UV,15.6888211
8127,#282,m1,No UV,15.6901432
6653,#263,m1,No UV,15.69052072
1642,#006,m1,No UV,15.69108682
5709,#258,m1,No UV,15.69127547
3828,#022,m1,No UV,15.69259532
10563,#317,m1,No UV,15.69278378
9186,#291,m1,No UV,15.6929722
6427,#263,m1,No UV,15.69316061
5556,#258,m1,No UV,15.69523142
7257,#281,m1,No UV,15.69523142
7947,#282,m1,No UV,15.69579567
11523,#970,m1,No UV,15.69617171
1664,#006,m1,No UV,15.69654766
6400,#263,m1,No UV,15.69692351
2835,#009,m1,No UV,15.6978627
3916,#022,m1,No UV,15.69842592
7229,#281,m1,No UV,15.69842592
3017,#009,m1,No UV,15.69917654
3879,#022,m1,No UV,15.69992678
727,#003,m1,No UV,15.70180065
7163,#281,m1,No UV,15.70236234
4052,#131,m1,No UV,15.70292381
6746,#263,m1,No UV,15.70367209
745,#003,m1,No UV,15.70572788
9306,#291,m1,No UV,15.70647471
6574,#263,m1,No UV,15.70703458
4102,#131,m1,No UV,15.70722116
11747,#970,m1,No UV,15.70964445
5175,#258,m1,No UV,15.71038926
6691,#263,m1,No UV,15.71169175
3808,#022,m1,No UV,15.71187772
6308,#263,m1,No UV,15.71355041
3956,#022,m1,No UV,15.71447885
10776,#317,m1,No UV,15.71485005
561,#003,m1,No UV,15.71744583
9270,#291,m1,No UV,15.71744583
9124,#291,m1,No UV,15.71781627
4245,#131,m1,No UV,15.71818662
5409,#258,m1,No UV,15.7192971
1705,#006,m1,No UV,15.71966707
10335,#317,m1,No UV,15.72133076
4143,#131,m1,No UV,15.72409932
5226,#258,m1,No UV,15.72538949
12403,#974,m1,No UV,15.72686257
6357,#263,m1,No UV,15.72851799
4033,#131,m1,No UV,15.73035511
1847,#006,m1,No UV,15.7309058
4015,#131,m1,No UV,15.7312728
5184,#258,m1,No UV,15.73163971
3691,#022,m1,No UV,15.73255658
660,#003,m1,No UV,15.73273989
10424,#317,m1,No UV,15.73402236
9136,#291,m1,No UV,15.73548666
11524,#970,m1,No UV,15.73548666
5300,#258,m1,No UV,15.7358525
957,#003,m1,No UV,15.73731494
5461,#258,m1,No UV,15.73768031
6600,#263,m1,No UV,15.73877589
5454,#258,m1,No UV,15.7411468
12540,#974,m1,No UV,15.74242183
10383,#317,m1,No UV,15.74296792
12258,#974,m1,No UV,15.7440595
4244,#131,m1,No UV,15.74442317
9933,#303,m1,No UV,15.74478675
3033,#009,m1,No UV,15.74569531
12197,#974,m1,No UV,15.74787351
11580,#970,m1,No UV,15.75041059
11444,#970,m1,No UV,15.75312396
6268,#263,m1,No UV,15.75330467
12682,#974,m1,No UV,15.75366602
626,#003,m1,No UV,15.75438845
6536,#263,m1,No UV,15.75961528
655,#003,m1,No UV,15.75997506
10707,#317,m1,No UV,15.76051455
8898,#289,m1,No UV,15.76069434
5221,#258,m1,No UV,15.76159293
4090,#131,m1,No UV,15.76338845
12454,#974,m1,No UV,15.76374728
8763,#289,m1,No UV,15.76607754
2600,#009,m1,No UV,15.76661475
5787,#258,m1,No UV,15.76661475
12655,#974,m1,No UV,15.76715177
7151,#281,m1,No UV,15.7682252
12591,#974,m1,No UV,15.76911912
8195,#282,m1,No UV,15.76983386
10532,#317,m1,No UV,15.77036968
5583,#258,m1,No UV,15.77054824
10406,#317,m1,No UV,15.77072678
10417,#317,m1,No UV,15.7709053
5741,#258,m1,No UV,15.77144072
8104,#282,m1,No UV,15.77251097
10442,#317,m1,No UV,15.7730458
10474,#317,m1,No UV,15.77322403
574,#003,m1,No UV,15.77358042
5539,#258,m1,No UV,15.77429295
3984,#022,m1,No UV,15.77447103
11460,#970,m1,No UV,15.7794483
5527,#258,m1,No UV,15.78033529
9153,#291,m1,No UV,15.78033529
9986,#303,m1,No UV,15.78033529
8641,#289,m1,No UV,15.78068994
12440,#974,m1,No UV,15.78175335
2767,#009,m1,No UV,15.78263893
3098,#009,m1,No UV,15.78617581
4104,#131,m1,No UV,15.78811741
10425,#317,m1,No UV,15.78829379
6661,#263,m1,No UV,15.7900564
7953,#282,m1,No UV,15.7909369
12312,#974,m1,No UV,15.79146494
9989,#303,m1,No UV,15.79322368
8022,#282,m1,No UV,15.79357517
6724,#263,m1,No UV,15.79655939
2748,#009,m1,No UV,15.79673474
3940,#022,m1,No UV,15.79761117
9276,#291,m1,No UV,15.79918741
6847,#263,m1,No UV,15.79936244
9268,#291,m1,No UV,15.80076193
559,#003,m1,No UV,15.80181065
6329,#263,m1,No UV,15.80285861
6461,#263,m1,No UV,15.8030332
7967,#282,m1,No UV,15.80495226
7962,#282,m1,No UV,15.80686877
6704,#263,m1,No UV,15.80721695
12344,#974,m1,No UV,15.80721695
10512,#317,m1,No UV,15.80756505
6582,#263,m1,No UV,15.80808704
11802,#970,m1,No UV,15.81069416
4240,#131,m1,No UV,15.8108678
8154,#282,m1,No UV,15.81104142
2868,#009,m1,No UV,15.81190921
4037,#131,m1,No UV,15.81294986
12229,#974,m1,No UV,15.81364322
6488,#263,m1,No UV,15.81433624
6513,#263,m1,No UV,15.81502893
12688,#974,m1,No UV,15.81554822
11346,#970,m1,No UV,15.817105
9267,#291,m1,No UV,15.81745072
10420,#317,m1,No UV,15.81796914
12371,#974,m1,No UV,15.81831466
7188,#281,m1,No UV,15.81969589
8655,#289,m1,No UV,15.81986845
12358,#974,m1,No UV,15.81986845
6831,#263,m1,No UV,15.82021351
11719,#970,m1,No UV,15.82021351
615,#003,m1,No UV,15.82055849
6715,#263,m1,No UV,15.82193757
6530,#263,m1,No UV,15.82469179
11361,#970,m1,No UV,15.82469179
1663,#006,m1,No UV,15.82520762
3151,#009,m1,No UV,15.82537953
6580,#263,m1,No UV,15.82555141
8074,#282,m1,No UV,15.82675401
5531,#258,m1,No UV,15.8276124
12439,#974,m1,No UV,15.82795562
9882,#303,m1,No UV,15.8286418
764,#003,m1,No UV,15.82881329
6547,#263,m1,No UV,15.82984183
6503,#263,m1,No UV,15.83001318
2832,#009,m1,No UV,15.83069838
11601,#970,m1,No UV,15.83086963
5728,#258,m1,No UV,15.83206781
11456,#970,m1,No UV,15.83292305
8635,#289,m1,No UV,15.83309403
12575,#974,m1,No UV,15.83377778
1476,#006,m1,No UV,15.83394866
2896,#009,m1,No UV,15.83411952
8146,#282,m1,No UV,15.834632
11336,#970,m1,No UV,15.8356564
5261,#258,m1,No UV,15.8359977
2991,#009,m1,No UV,15.83650951
9212,#291,m1,No UV,15.83753257
1853,#006,m1,No UV,15.84127762
6394,#263,m1,No UV,15.84178756
7910,#282,m1,No UV,15.84331629
3772,#022,m1,No UV,15.84501298
2655,#009,m1,No UV,15.84518254
6660,#263,m1,No UV,15.8455216
10511,#317,m1,No UV,15.8472157
1707,#006,m1,No UV,15.848062
576,#003,m1,No UV,15.84873869
6693,#263,m1,No UV,15.84890781
1802,#006,m1,No UV,15.8495841
12707,#974,m1,No UV,15.85042902
1624,#006,m1,No UV,15.85161107
1811,#006,m1,No UV,15.85211737
1672,#006,m1,No UV,15.85228609
6598,#263,m1,No UV,15.85414078
6690,#263,m1,No UV,15.85548815
10601,#317,m1,No UV,15.85548815
6229,#263,m1,No UV,15.85565648
554,#003,m1,No UV,15.85683426
1835,#006,m1,No UV,15.85683426
9763,#303,m1,No UV,15.85717059
6497,#263,m1,No UV,15.85767494
8085,#282,m1,No UV,15.85767494
6839,#263,m1,No UV,15.85901902
4072,#131,m1,No UV,15.85918694
10327,#317,m1,No UV,15.86002625
5493,#258,m1,No UV,15.86036184
6575,#263,m1,No UV,15.86120047
496,#003,m1,No UV,15.86153579
5179,#258,m1,No UV,15.86254127
4195,#131,m1,No UV,15.86270878
6789,#263,m1,No UV,15.86270878
5427,#258,m1,No UV,15.86655619
9161,#291,m1,No UV,15.86672324
11352,#970,m1,No UV,15.86689026
8865,#289,m1,No UV,15.8730567
12392,#974,m1,No UV,15.87355553
2847,#009,m1,No UV,15.87372177
9759,#303,m1,No UV,15.87372177
9857,#303,m1,No UV,15.87438653
10778,#317,m1,No UV,15.8748849
7238,#281,m1,No UV,15.87637897
7973,#282,m1,No UV,15.87637897
6412,#263,m1,No UV,15.8791969
2882,#009,m1,No UV,15.88101734
4246,#131,m1,No UV,15.88101734
4105,#131,m1,No UV,15.88118272
4235,#131,m1,No UV,15.88151342
949,#003,m1,No UV,15.88184405
7043,#281,m1,No UV,15.88233985
6226,#263,m1,No UV,15.88283548
10773,#317,m1,No UV,15.88876979
6353,#263,m1,No UV,15.88926321
5664,#258,m1,No UV,15.88942765
567,#003,m1,No UV,15.89172782
8123,#282,m1,No UV,15.89222023
6342,#263,m1,No UV,15.89287652
12514,#974,m1,No UV,15.89435209
3892,#022,m1,No UV,15.89500741
5553,#258,m1,No UV,15.89533497
803,#003,m1,No UV,15.89664442
1598,#006,m1,No UV,15.8969716
11701,#970,m1,No UV,15.89729871
6703,#263,m1,No UV,15.89925978
10333,#317,m1,No UV,15.90007611
5713,#258,m1,No UV,15.9021964
6334,#263,m1,No UV,15.9021964
6364,#263,m1,No UV,15.90561491
6262,#263,m1,No UV,15.90594007
5482,#258,m1,No UV,15.90610261
6689,#263,m1,No UV,15.90837637
11459,#970,m1,No UV,15.90837637
6781,#263,m1,No UV,15.90870089
8048,#282,m1,No UV,15.90902535
1693,#006,m1,No UV,15.91016037
9093,#291,m1,No UV,15.91097056
478,#003,m1,No UV,15.91113254
8020,#282,m1,No UV,15.91145645
5667,#258,m1,No UV,15.91307491
633,#003,m1,No UV,15.91582213
3164,#009,m1,No UV,15.91582213
10525,#317,m1,No UV,15.9174357
805,#003,m1,No UV,15.91759696
10552,#317,m1,No UV,15.91856413
9121,#291,m1,No UV,15.91969168
3817,#022,m1,No UV,15.91985268
532,#003,m1,No UV,15.92114009
2657,#009,m1,No UV,15.92178336
7916,#282,m1,No UV,15.92210488
842,#003,m1,No UV,15.92451406
11786,#970,m1,No UV,15.92579731
12284,#974,m1,No UV,15.92579731
1499,#006,m1,No UV,15.92611795
5590,#258,m1,No UV,15.92755992
10596,#317,m1,No UV,15.92755992
9973,#303,m1,No UV,15.92868046
3961,#022,m1,No UV,15.92916043
6403,#263,m1,No UV,15.93027972
5523,#258,m1,No UV,15.93251572
518,#003,m1,No UV,15.93331345
9883,#303,m1,No UV,15.93347294
1586,#006,m1,No UV,15.93363242
10519,#317,m1,No UV,15.93379188
3963,#022,m1,No UV,15.93411074
6629,#263,m1,No UV,15.93888524
3106,#009,m1,No UV,15.93904412
12354,#974,m1,No UV,15.93983825
9903,#303,m1,No UV,15.94031452
8721,#289,m1,No UV,15.94079063
4065,#131,m1,No UV,15.94221802
7252,#281,m1,No UV,15.94396069
557,#003,m1,No UV,15.94475212
9968,#303,m1,No UV,15.94538495
12292,#974,m1,No UV,15.9460175
8021,#282,m1,No UV,15.94664978
10613,#317,m1,No UV,15.94712381
11732,#970,m1,No UV,15.95012235
4110,#131,m1,No UV,15.9521704
2926,#009,m1,No UV,15.95279999
9218,#291,m1,No UV,15.95295734
849,#003,m1,No UV,15.95374385
7905,#282,m1,No UV,15.95405834
5784,#258,m1,No UV,15.95515849
4131,#131,m1,No UV,15.95625781
2540,#009,m1,No UV,15.95657174
6779,#263,m1,No UV,15.95704252
1649,#006,m1,No UV,15.95766998
10719,#317,m1,No UV,15.95845393
7911,#282,m1,No UV,15.9593941
11528,#970,m1,No UV,15.95955074
6666,#263,m1,No UV,15.96236728
8859,#289,m1,No UV,15.96283617
5233,#258,m1,No UV,15.96346112
1713,#006,m1,No UV,15.96549034
1487,#006,m1,No UV,15.96580227
10567,#317,m1,No UV,15.96580227
5192,#258,m1,No UV,15.96658181
11386,#970,m1,No UV,15.96689351
8654,#289,m1,No UV,15.96720514
2639,#009,m1,No UV,15.97000679
10678,#317,m1,No UV,15.9729582
10548,#317,m1,No UV,15.97357878
952,#003,m1,No UV,15.9741991
572,#003,m1,No UV,15.97559383
9103,#291,m1,No UV,15.97559383
11721,#970,m1,No UV,15.97559383
10392,#317,m1,No UV,15.97822465
10463,#317,m1,No UV,15.9796155
12218,#974,m1,No UV,15.9796155
10008,#303,m1,No UV,15.98085068
12202,#974,m1,No UV,15.98085068
6227,#263,m1,No UV,15.98146788
4020,#131,m1,No UV,15.9819306
9179,#291,m1,No UV,15.9819306
6327,#263,m1,No UV,15.982239
569,#003,m1,No UV,15.98362598
5305,#258,m1,No UV,15.98362598
12542,#974,m1,No UV,15.98470383
9745,#303,m1,No UV,15.98639596
8678,#289,m1,No UV,15.98685711
2570,#009,m1,No UV,15.9873181
4040,#131,m1,No UV,15.98854671
10020,#303,m1,No UV,15.98870022
7040,#281,m1,No UV,15.98946749
10430,#317,m1,No UV,15.98962089
3007,#009,m1,No UV,15.98977428
10628,#317,m1,No UV,15.99192001
2715,#009,m1,No UV,15.9931447
5785,#258,m1,No UV,15.99390961
8793,#289,m1,No UV,15.99406255
6659,#263,m1,No UV,15.99559099
3064,#009,m1,No UV,15.9969652
2697,#009,m1,No UV,15.99803313
10000,#303,m1,No UV,15.99986203
11660,#970,m1,No UV,16.00092781
7980,#282,m1,No UV,16.00108001
5703,#258,m1,No UV,16.003209
10337,#317,m1,No UV,16.00336095
1481,#006,m1,No UV,16.00578998
1721,#006,m1,No UV,16.00594166
10344,#317,m1,No UV,16.0068514
5216,#258,m1,No UV,16.00882054
3148,#009,m1,No UV,16.0089719
6288,#263,m1,No UV,16.01093814
6786,#263,m1,No UV,16.01093814
9173,#291,m1,No UV,16.01124041
6524,#263,m1,No UV,16.01184474
2603,#009,m1,No UV,16.01335447
8753,#289,m1,No UV,16.01441034
5695,#258,m1,No UV,16.01591738
7981,#282,m1,No UV,16.01591738
2640,#009,m1,No UV,16.01636919
12596,#974,m1,No UV,16.01667031
6752,#263,m1,No UV,16.01757332
9751,#303,m1,No UV,16.01847575
11678,#970,m1,No UV,16.01952788
4064,#131,m1,No UV,16.01982835
3129,#009,m1,No UV,16.02027893
9806,#303,m1,No UV,16.02072938
8003,#282,m1,No UV,16.02087949
8171,#282,m1,No UV,16.02162984
1673,#006,m1,No UV,16.02312937
3056,#009,m1,No UV,16.02432787
950,#003,m1,No UV,16.02477705
2663,#009,m1,No UV,16.02477705
11661,#970,m1,No UV,16.02627331
9830,#303,m1,No UV,16.02672189
2759,#009,m1,No UV,16.02746921
6199,#263,m1,No UV,16.02776802
11585,#970,m1,No UV,16.02791741
1761,#006,m1,No UV,16.0288134
1537,#006,m1,No UV,16.02896268
2661,#009,m1,No UV,16.02955964
4077,#131,m1,No UV,16.02985802
1861,#006,m1,No UV,16.03224289
12318,#974,m1,No UV,16.03239181
12726,#974,m1,No UV,16.03239181
11675,#970,m1,No UV,16.03268961
7255,#281,m1,No UV,16.03551566
965,#003,m1,No UV,16.03714926
8675,#289,m1,No UV,16.03803954
10423,#317,m1,No UV,16.03803954
2662,#009,m1,No UV,16.03952211
11401,#970,m1,No UV,16.03952211
3162,#009,m1,No UV,16.04041093
9880,#303,m1,No UV,16.04041093
3722,#022,m1,No UV,16.042039
11451,#970,m1,No UV,16.04233482
539,#003,m1,No UV,16.0433697
1805,#006,m1,No UV,16.04396072
11525,#970,m1,No UV,16.04425615
4001,#022,m1,No UV,16.04440383
6285,#263,m1,No UV,16.04484681
6326,#263,m1,No UV,16.04484681
826,#003,m1,No UV,16.04528965
12465,#974,m1,No UV,16.04528965
476,#003,m1,No UV,16.04543723
9207,#291,m1,No UV,16.04691223
5589,#258,m1,No UV,16.04720705
4190,#131,m1,No UV,16.04941627
9291,#291,m1,No UV,16.04985771
12304,#974,m1,No UV,16.05044608
9888,#303,m1,No UV,16.05191597
5337,#258,m1,No UV,16.05602371
7955,#282,m1,No UV,16.056756
11393,#970,m1,No UV,16.05763427
2930,#009,m1,No UV,16.05778059
5762,#258,m1,No UV,16.05821948
1660,#006,m1,No UV,16.058512
8856,#289,m1,No UV,16.05895066
5744,#258,m1,No UV,16.06026586
3782,#022,m1,No UV,16.06128796
582,#003,m1,No UV,16.06332999
11564,#970,m1,No UV,16.06478681
11788,#970,m1,No UV,16.06478681
10465,#317,m1,No UV,16.06493242
1827,#006,m1,No UV,16.06566021
10351,#317,m1,No UV,16.06755074
11766,#970,m1,No UV,16.06827721
4004,#022,m1,No UV,16.06885812
11414,#970,m1,No UV,16.06885812
2973,#009,m1,No UV,16.06929365
9200,#291,m1,No UV,16.06929365
9995,#303,m1,No UV,16.0694388
6309,#263,m1,No UV,16.07059945
5543,#258,m1,No UV,16.07146933
12545,#974,m1,No UV,16.07175918
3685,#022,m1,No UV,16.07262836
8780,#289,m1,No UV,16.07595537
6254,#263,m1,No UV,16.07609985
6482,#263,m1,No UV,16.07609985
6306,#263,m1,No UV,16.07638877
10326,#317,m1,No UV,16.07638877
904,#003,m1,No UV,16.0771108
11535,#970,m1,No UV,16.07725516
4117,#131,m1,No UV,16.07840955
4170,#131,m1,No UV,16.07855378
6185,#263,m1,No UV,16.08085956
6465,#263,m1,No UV,16.08201107
5459,#258,m1,No UV,16.08301788
8065,#282,m1,No UV,16.08546009
11759,#970,m1,No UV,16.08589064
7235,#281,m1,No UV,16.08718151
6246,#263,m1,No UV,16.08732487
9271,#291,m1,No UV,16.08818472
11777,#970,m1,No UV,16.08832798
6287,#263,m1,No UV,16.08847123
1785,#006,m1,No UV,16.08961668
10706,#317,m1,No UV,16.09090423
10624,#317,m1,No UV,16.09204775
5788,#258,m1,No UV,16.09319036
12530,#974,m1,No UV,16.09475998
2828,#009,m1,No UV,16.09561542
3913,#022,m1,No UV,16.09689763
11353,#970,m1,No UV,16.09945862
3674,#022,m1,No UV,16.10002712
10487,#317,m1,No UV,16.10456702
5257,#258,m1,No UV,16.10782128
599,#003,m1,No UV,16.1079626
7239,#281,m1,No UV,16.10866901
632,#003,m1,No UV,16.10909268
11820,#970,m1,No UV,16.10909268
11415,#970,m1,No UV,16.11149118
11506,#970,m1,No UV,16.11177309
6730,#263,m1,No UV,16.11233676
5187,#258,m1,No UV,16.11261851
6193,#263,m1,No UV,16.11332264
9967,#303,m1,No UV,16.11346342
12389,#974,m1,No UV,16.11346342
9845,#303,m1,No UV,16.11360419
741,#003,m1,No UV,16.11388569
6315,#263,m1,No UV,16.11683815
9838,#303,m1,No UV,16.11725943
6423,#263,m1,No UV,16.11739984
10593,#317,m1,No UV,16.11796131
10524,#317,m1,No UV,16.11852256
5411,#258,m1,No UV,16.11922381
6405,#263,m1,No UV,16.12216537
491,#003,m1,No UV,16.1223053
3196,#009,m1,No UV,16.12244521
5227,#258,m1,No UV,16.12244521
9792,#303,m1,No UV,16.12258511
9981,#303,m1,No UV,16.12468195
934,#003,m1,No UV,16.12482163
1587,#006,m1,No UV,16.12524059
855,#003,m1,No UV,16.12649675
12182,#974,m1,No UV,16.12691522
6770,#263,m1,No UV,16.12733358
12649,#974,m1,No UV,16.127473
10713,#317,m1,No UV,16.12984116
12282,#974,m1,No UV,16.13151046
11715,#970,m1,No UV,16.13178849
2765,#009,m1,No UV,16.13234439
9296,#291,m1,No UV,16.13345554
8867,#289,m1,No UV,16.1344271
7259,#281,m1,No UV,16.13456584
7122,#281,m1,No UV,16.13595252
637,#003,m1,No UV,16.13622969
11364,#970,m1,No UV,16.1388602
3909,#022,m1,No UV,16.14107165
11725,#970,m1,No UV,16.14107165
5662,#258,m1,No UV,16.14190007
6665,#263,m1,No UV,16.14245209
7234,#281,m1,No UV,16.14341761
6294,#263,m1,No UV,16.14396904
2993,#009,m1,No UV,16.14410687
1694,#006,m1,No UV,16.14548441
5796,#258,m1,No UV,16.14727324
6491,#263,m1,No UV,16.14823554
10621,#317,m1,No UV,16.14823554
6325,#263,m1,No UV,16.14851037
10461,#317,m1,No UV,16.14905986
8034,#282,m1,No UV,16.14960915
3087,#009,m1,No UV,16.14988371
12214,#974,m1,No UV,16.14988371
12259,#974,m1,No UV,16.15029546
9929,#303,m1,No UV,16.1511186
11468,#970,m1,No UV,16.1511186
8694,#289,m1,No UV,16.15139288
11782,#970,m1,No UV,16.15153
1768,#006,m1,No UV,16.1516671
4067,#131,m1,No UV,16.15221539
9287,#291,m1,No UV,16.15235244
3003,#009,m1,No UV,16.15331136
1692,#006,m1,No UV,16.15372213
1545,#006,m1,No UV,16.15468014
3683,#022,m1,No UV,16.15536404
10031,#303,m1,No UV,16.15536404
3119,#009,m1,No UV,16.15673088
7946,#282,m1,No UV,16.15836937
5688,#258,m1,No UV,16.15850583
6507,#263,m1,No UV,16.15905153
11714,#970,m1,No UV,16.1593243
9977,#303,m1,No UV,16.16000601
5781,#258,m1,No UV,16.16109607
870,#003,m1,No UV,16.1620492
10622,#317,m1,No UV,16.16259356
3192,#009,m1,No UV,16.16340972
8891,#289,m1,No UV,16.16395356
11369,#970,m1,No UV,16.16463309
7193,#281,m1,No UV,16.16544809
5506,#258,m1,No UV,16.16558388
3875,#022,m1,No UV,16.16571966
12728,#974,m1,No UV,16.16585542
3070,#009,m1,No UV,16.16924537
6213,#263,m1,No UV,16.17046381
7119,#281,m1,No UV,16.17086973
10545,#317,m1,No UV,16.17127553
12647,#974,m1,No UV,16.17222196
12281,#974,m1,No UV,16.17249225
5609,#258,m1,No UV,16.17370795
6385,#263,m1,No UV,16.17451785
5487,#258,m1,No UV,16.17519241
565,#003,m1,No UV,16.17546215
9105,#291,m1,No UV,16.17573184
6832,#263,m1,No UV,16.17586666
8734,#289,m1,No UV,16.17600147
6563,#263,m1,No UV,16.17613627
2672,#009,m1,No UV,16.17640584
8663,#289,m1,No UV,16.1765406
12294,#974,m1,No UV,16.1765406
758,#003,m1,No UV,16.17734891
5778,#258,m1,No UV,16.17761824
2648,#009,m1,No UV,16.17775289
3024,#009,m1,No UV,16.17775289
2649,#009,m1,No UV,16.17815676
10741,#317,m1,No UV,16.17815676
499,#003,m1,No UV,16.17869508
2967,#009,m1,No UV,16.17896417
6275,#263,m1,No UV,16.17909869
10349,#317,m1,No UV,16.18004
8197,#282,m1,No UV,16.18017442
621,#003,m1,No UV,16.18312857
2923,#009,m1,No UV,16.18379912
3150,#009,m1,No UV,16.18567501
1533,#006,m1,No UV,16.18835063
6667,#263,m1,No UV,16.18915235
6572,#263,m1,No UV,16.18941949
11519,#970,m1,No UV,16.19008713
11767,#970,m1,No UV,16.19048756
5536,#258,m1,No UV,16.19248807
5339,#258,m1,No UV,16.19661367
6567,#263,m1,No UV,16.19820751
9118,#291,m1,No UV,16.19900377
717,#003,m1,No UV,16.19940174
8795,#289,m1,No UV,16.20138993
3014,#009,m1,No UV,16.20152238
5656,#258,m1,No UV,16.20311081
3122,#009,m1,No UV,16.20337538
10393,#317,m1,No UV,16.2041688
4147,#131,m1,No UV,16.2053581
6419,#263,m1,No UV,16.20694232
1484,#006,m1,No UV,16.20720619
11703,#970,m1,No UV,16.20720619
9264,#291,m1,No UV,16.2073381
8093,#282,m1,No UV,16.20747001
12677,#974,m1,No UV,16.208393
11383,#970,m1,No UV,16.20918366
12436,#974,m1,No UV,16.21089527
5267,#258,m1,No UV,16.21181607
3777,#022,m1,No UV,16.21313048
6694,#263,m1,No UV,16.21391855
12509,#974,m1,No UV,16.21418115
6350,#263,m1,No UV,16.21680447
10670,#317,m1,No UV,16.21693551
1541,#006,m1,No UV,16.21706654
10485,#317,m1,No UV,16.21811434
10551,#317,m1,No UV,16.21876883
1555,#006,m1,No UV,16.21916139
878,#003,m1,No UV,16.21929221
10554,#317,m1,No UV,16.21929221
6501,#263,m1,No UV,16.22007693
733,#003,m1,No UV,16.22138383
2647,#009,m1,No UV,16.22203684
7184,#281,m1,No UV,16.22282007
2897,#009,m1,No UV,16.22699008
8905,#289,m1,No UV,16.22933043
797,#003,m1,No UV,16.23023955
12443,#974,m1,No UV,16.23075878
8845,#289,m1,No UV,16.23088856
1599,#006,m1,No UV,16.23101833
5364,#258,m1,No UV,16.23257463
6535,#263,m1,No UV,16.2332226
8819,#289,m1,No UV,16.23542351
6215,#263,m1,No UV,16.23710429
5296,#258,m1,No UV,16.2373627
5610,#258,m1,No UV,16.23800852
12357,#974,m1,No UV,16.23891218
9283,#291,m1,No UV,16.2396863
3990,#022,m1,No UV,16.24046
9279,#291,m1,No UV,16.24174858
12233,#974,m1,No UV,16.24200616
10339,#317,m1,No UV,16.24226369
10697,#317,m1,No UV,16.24277862
6358,#263,m1,No UV,16.24329336
8121,#282,m1,No UV,16.24329336
12457,#974,m1,No UV,16.24355066
10803,#317,m1,No UV,16.2436793
5572,#258,m1,No UV,16.24496501
3105,#009,m1,No UV,16.24509351
9747,#303,m1,No UV,16.24778954
6264,#263,m1,No UV,16.24843071
8058,#282,m1,No UV,16.24881527
12711,#974,m1,No UV,16.24945599
6508,#263,m1,No UV,16.2495841
12213,#974,m1,No UV,16.25073656
9753,#303,m1,No UV,16.2517602
4234,#131,m1,No UV,16.25188811
2841,#009,m1,No UV,16.25278312
8184,#282,m1,No UV,16.25278312
10471,#317,m1,No UV,16.25431614
7155,#281,m1,No UV,16.25469914
5658,#258,m1,No UV,16.25559241
8842,#289,m1,No UV,16.2561026
2695,#009,m1,No UV,16.25737729
3094,#009,m1,No UV,16.25852355
10374,#317,m1,No UV,16.25915997
6348,#263,m1,No UV,16.25941445
11461,#970,m1,No UV,16.26094044
10336,#317,m1,No UV,16.26119462
10468,#317,m1,No UV,16.26132169
12266,#974,m1,No UV,16.26411441
1758,#006,m1,No UV,16.26424122
3848,#022,m1,No UV,16.26512861
12212,#974,m1,No UV,16.26538205
3872,#022,m1,No UV,16.26778749
9292,#291,m1,No UV,16.26867269
2584,#009,m1,No UV,16.27372062
6592,#263,m1,No UV,16.2740985
11403,#970,m1,No UV,16.27435037
8148,#282,m1,No UV,16.27447628
11625,#970,m1,No UV,16.27472809
9251,#291,m1,No UV,16.27560904
1524,#006,m1,No UV,16.27661519
5524,#258,m1,No UV,16.27674091
3832,#022,m1,No UV,16.28038202
2752,#009,m1,No UV,16.28276261
8697,#289,m1,No UV,16.28363867
12459,#974,m1,No UV,16.28376378
11350,#970,m1,No UV,16.28401397
10502,#317,m1,No UV,16.28438917
12388,#974,m1,No UV,16.28463924
9755,#303,m1,No UV,16.28501428
3165,#009,m1,No UV,16.28576405
465,#003,m1,No UV,16.28588898
6219,#263,m1,No UV,16.28601389
10733,#317,m1,No UV,16.28763679
12244,#974,m1,No UV,16.28801105
1863,#006,m1,No UV,16.2896317
9208,#291,m1,No UV,16.2896317
8080,#282,m1,No UV,16.29013
10366,#317,m1,No UV,16.29212147
538,#003,m1,No UV,16.29237021
10541,#317,m1,No UV,16.29361327
1852,#006,m1,No UV,16.29510353
903,#003,m1,No UV,16.29634424
11398,#970,m1,No UV,16.29634424
9858,#303,m1,No UV,16.29907005
679,#003,m1,No UV,16.29919382
5753,#258,m1,No UV,16.30129643
1738,#006,m1,No UV,16.30228483
7187,#281,m1,No UV,16.3026553
12360,#974,m1,No UV,16.30314912
10068,#303,m1,No UV,16.30376616
1485,#006,m1,No UV,16.3040129
579,#003,m1,No UV,16.30462957
7025,#281,m1,No UV,16.30462957
9910,#303,m1,No UV,16.30697051
2741,#009,m1,No UV,16.3072167
5691,#258,m1,No UV,16.30807805
8038,#282,m1,No UV,16.30906182
5517,#258,m1,No UV,16.30918474
11508,#970,m1,No UV,16.30918474
9325,#291,m1,No UV,16.31372557
2544,#009,m1,No UV,16.31397062
685,#003,m1,No UV,16.31446058
4198,#131,m1,No UV,16.31519521
4061,#131,m1,No UV,16.31703016
501,#003,m1,No UV,16.31739687
7247,#281,m1,No UV,16.31751908
7909,#282,m1,No UV,16.31764129
3774,#022,m1,No UV,16.31776348
8843,#289,m1,No UV,16.31825216
12349,#974,m1,No UV,16.31898486
10445,#317,m1,No UV,16.31983922
12526,#974,m1,No UV,16.31996122
9799,#303,m1,No UV,16.32093693
2609,#009,m1,No UV,16.32239924
10603,#317,m1,No UV,16.32312984
4062,#131,m1,No UV,16.32325157
8627,#289,m1,No UV,16.32446832
12607,#974,m1,No UV,16.32483314
6339,#263,m1,No UV,16.32592706
3103,#009,m1,No UV,16.32689873
8709,#289,m1,No UV,16.32714155
2853,#009,m1,No UV,16.32811241
3085,#009,m1,No UV,16.32968866
5294,#258,m1,No UV,16.32968866
732,#003,m1,No UV,16.33065781
10654,#317,m1,No UV,16.33077891
12379,#974,m1,No UV,16.33271508
5608,#258,m1,No UV,16.33380304
11806,#970,m1,No UV,16.33380304
5455,#258,m1,No UV,16.33416551
3051,#009,m1,No UV,16.33489018
556,#003,m1,No UV,16.33766471
10692,#317,m1,No UV,16.33923057
11594,#970,m1,No UV,16.33935095
2883,#009,m1,No UV,16.34019333
2714,#009,m1,No UV,16.34031363
6845,#263,m1,No UV,16.34175644
10716,#317,m1,No UV,16.34271752
10470,#317,m1,No UV,16.34451781
10759,#317,m1,No UV,16.34475768
7153,#281,m1,No UV,16.34571676
6772,#263,m1,No UV,16.34595643
2673,#009,m1,No UV,16.34799202
3948,#022,m1,No UV,16.34811168
2903,#009,m1,No UV,16.34847057
859,#003,m1,No UV,16.3502637
10608,#317,m1,No UV,16.35145789
5586,#258,m1,No UV,16.35157725
1635,#006,m1,No UV,16.35253181
1650,#006,m1,No UV,16.35527265
508,#003,m1,No UV,16.35562977
5210,#258,m1,No UV,16.35717626
6317,#263,m1,No UV,16.35824593
6244,#263,m1,No UV,16.36062015
2612,#009,m1,No UV,16.36085736
5178,#258,m1,No UV,16.36085736
10814,#317,m1,No UV,16.36204281
12635,#974,m1,No UV,16.36239826
887,#003,m1,No UV,16.3645291
634,#003,m1,No UV,16.36582973
2645,#009,m1,No UV,16.36665679
11588,#970,m1,No UV,16.36925305
8759,#289,m1,No UV,16.37066723
12551,#974,m1,No UV,16.37078501
810,#003,m1,No UV,16.37125606
12409,#974,m1,No UV,16.37149153
4008,#022,m1,No UV,16.37160924
2795,#009,m1,No UV,16.37372653
7897,#282,m1,No UV,16.37666206
11537,#970,m1,No UV,16.37689664
9114,#291,m1,No UV,16.37713119
6454,#263,m1,No UV,16.37724845
10785,#317,m1,No UV,16.378069
6391,#263,m1,No UV,16.37865481
8695,#289,m1,No UV,16.37865481
3999,#022,m1,No UV,16.37994278
5206,#258,m1,No UV,16.38064482
7944,#282,m1,No UV,16.38111266
10356,#317,m1,No UV,16.38134652
8726,#289,m1,No UV,16.38146344
9278,#291,m1,No UV,16.38216474
6757,#263,m1,No UV,16.38251526
7182,#281,m1,No UV,16.38333282
6565,#263,m1,No UV,16.38531638
7948,#282,m1,No UV,16.38566614
11360,#970,m1,No UV,16.38578271
6200,#263,m1,No UV,16.38636541
10013,#303,m1,No UV,16.38683139
897,#003,m1,No UV,16.38811208
7186,#281,m1,No UV,16.39113465
12335,#974,m1,No UV,16.39125078
834,#003,m1,No UV,16.3915991
2963,#009,m1,No UV,16.39194734
2542,#009,m1,No UV,16.39461438
2666,#009,m1,No UV,16.39484606
5727,#258,m1,No UV,16.39565666
5442,#258,m1,No UV,16.39588818
10743,#317,m1,No UV,16.39611966
8724,#289,m1,No UV,16.39762337
10748,#317,m1,No UV,16.39970285
12362,#974,m1,No UV,16.4006261
5643,#258,m1,No UV,16.40085682
2945,#009,m1,No UV,16.40177933
2636,#009,m1,No UV,16.40293164
9294,#291,m1,No UV,16.40385283
6664,#263,m1,No UV,16.40488847
6297,#263,m1,No UV,16.40500349
5265,#258,m1,No UV,16.40523351
9906,#303,m1,No UV,16.40523351
4074,#131,m1,No UV,16.40649798
8193,#282,m1,No UV,16.40672776
7242,#281,m1,No UV,16.40695751
5423,#258,m1,No UV,16.40741689
2569,#009,m1,No UV,16.41074305
11730,#970,m1,No UV,16.41280372
7035,#281,m1,No UV,16.41383295
7112,#281,m1,No UV,16.41383295
4247,#131,m1,No UV,16.41497568
12507,#974,m1,No UV,16.4161175
2595,#009,m1,No UV,16.41668808
11397,#970,m1,No UV,16.41714437
704,#003,m1,No UV,16.41737247
812,#003,m1,No UV,16.41817051
2527,#009,m1,No UV,16.41874028
9313,#291,m1,No UV,16.4188542
8719,#289,m1,No UV,16.41908203
10401,#317,m1,No UV,16.41919592
6225,#263,m1,No UV,16.42283594
9112,#291,m1,No UV,16.42306313
11388,#970,m1,No UV,16.42317672
5203,#258,m1,No UV,16.42351742
6539,#263,m1,No UV,16.42363097
10023,#303,m1,No UV,16.42567332
6457,#263,m1,No UV,16.42680671
10625,#317,m1,No UV,16.42703328
5653,#258,m1,No UV,16.42873144
12589,#974,m1,No UV,16.43178309
4056,#131,m1,No UV,16.43313731
10746,#317,m1,No UV,16.43381394
12341,#974,m1,No UV,16.43415214
6545,#263,m1,No UV,16.43426485
460,#003,m1,No UV,16.43449025
7017,#281,m1,No UV,16.43505361
9778,#303,m1,No UV,16.43572934
9188,#291,m1,No UV,16.43629222
7950,#282,m1,No UV,16.4374173
10744,#317,m1,No UV,16.43786709
12736,#974,m1,No UV,16.43977712
5716,#258,m1,No UV,16.44011393
5630,#258,m1,No UV,16.4413482
8798,#289,m1,No UV,16.44414944
6571,#263,m1,No UV,16.44571576
12355,#974,m1,No UV,16.44605118
684,#003,m1,No UV,16.44649829
3857,#022,m1,No UV,16.44728039
1527,#006,m1,No UV,16.44862014
2656,#009,m1,No UV,16.44873173
609,#003,m1,No UV,16.44962415
3971,#022,m1,No UV,16.45029309
10009,#303,m1,No UV,16.45040455
3816,#022,m1,No UV,16.45051601
11556,#970,m1,No UV,16.45085031
3688,#022,m1,No UV,16.45096173
6638,#263,m1,No UV,16.45129593
6627,#263,m1,No UV,16.45140732
12523,#974,m1,No UV,16.45185276
7089,#281,m1,No UV,16.45341075
7157,#281,m1,No UV,16.45363318
8803,#289,m1,No UV,16.45452257
9912,#303,m1,No UV,16.45452257
7952,#282,m1,No UV,16.45663266
11416,#970,m1,No UV,16.45807464
6726,#263,m1,No UV,16.45873968
5213,#258,m1,No UV,16.45907208
12442,#974,m1,No UV,16.45907208
5327,#258,m1,No UV,16.45951517
11665,#970,m1,No UV,16.46106491
2730,#009,m1,No UV,16.46139678
10797,#317,m1,No UV,16.46239193
5775,#258,m1,No UV,16.46250246
2805,#009,m1,No UV,16.46349685
5603,#258,m1,No UV,16.46438018
8909,#289,m1,No UV,16.4681283
12667,#974,m1,No UV,16.4690088
1700,#006,m1,No UV,16.46955884
5188,#258,m1,No UV,16.47274493
12380,#974,m1,No UV,16.47537639
2908,#009,m1,No UV,16.4760335
5462,#258,m1,No UV,16.47614299
10792,#317,m1,No UV,16.47614299
8084,#282,m1,No UV,16.47669032
864,#003,m1,No UV,16.47701861
1603,#006,m1,No UV,16.47778434
12325,#974,m1,No UV,16.47800305
9183,#291,m1,No UV,16.47953307
3010,#009,m1,No UV,16.48051579
7154,#281,m1,No UV,16.48095234
11606,#970,m1,No UV,16.48138876
11566,#970,m1,No UV,16.48160692
1646,#006,m1,No UV,16.48269723
551,#003,m1,No UV,16.48280622
12643,#974,m1,No UV,16.48345996
9756,#303,m1,No UV,16.4849842
10712,#317,m1,No UV,16.4868329
1491,#006,m1,No UV,16.48737619
5542,#258,m1,No UV,16.48748482
5632,#258,m1,No UV,16.48748482
10723,#317,m1,No UV,16.48748482
3771,#022,m1,No UV,16.48791927
12324,#974,m1,No UV,16.48802786
2784,#009,m1,No UV,16.48911333
11363,#970,m1,No UV,16.48998111
5666,#258,m1,No UV,16.49258135
3783,#022,m1,No UV,16.4936634
624,#003,m1,No UV,16.49398785
4194,#131,m1,No UV,16.49506885
5540,#258,m1,No UV,16.49970791
6298,#263,m1,No UV,16.5004617
10422,#317,m1,No UV,16.50325804
2815,#009,m1,No UV,16.50390258
5706,#258,m1,No UV,16.50583447
10774,#317,m1,No UV,16.50722812
490,#003,m1,No UV,16.50776378
10363,#317,m1,No UV,16.50797799
5668,#258,m1,No UV,16.50840631
1503,#006,m1,No UV,16.51033219
2693,#009,m1,No UV,16.51097358
5548,#258,m1,No UV,16.51097358
1621,#006,m1,No UV,16.51108045
5554,#258,m1,No UV,16.51108045
3068,#009,m1,No UV,16.51300276
1702,#006,m1,No UV,16.51481593
974,#003,m1,No UV,16.51545533
9833,#303,m1,No UV,16.51620093
8665,#289,m1,No UV,16.51705258
3959,#022,m1,No UV,16.517159
8731,#289,m1,No UV,16.51790373
10553,#317,m1,No UV,16.51928578
11432,#970,m1,No UV,16.51981698
1834,#006,m1,No UV,16.52183377
721,#003,m1,No UV,16.5230001
12500,#974,m1,No UV,16.52352994
5371,#258,m1,No UV,16.52543574
9796,#303,m1,No UV,16.52670488
5424,#258,m1,No UV,16.52755036
12245,#974,m1,No UV,16.52755036
1797,#006,m1,No UV,16.527656
10428,#317,m1,No UV,16.52786728
12356,#974,m1,No UV,16.52818414
8836,#289,m1,No UV,16.52892319
4049,#131,m1,No UV,16.53103271
5508,#258,m1,No UV,16.53198098
5330,#258,m1,No UV,16.53208631
3764,#022,m1,No UV,16.53303389
9170,#291,m1,No UV,16.53671303
7152,#281,m1,No UV,16.53891602
5730,#258,m1,No UV,16.53933525
12640,#974,m1,No UV,16.53996388
2960,#009,m1,No UV,16.54142961
4183,#131,m1,No UV,16.54205732
8029,#282,m1,No UV,16.54247564
3115,#009,m1,No UV,16.54299838
5535,#258,m1,No UV,16.54372989
6576,#263,m1,No UV,16.5443566
5683,#258,m1,No UV,16.54581788
3053,#009,m1,No UV,16.54665223
9900,#303,m1,No UV,16.54706922
4162,#131,m1,No UV,16.54936054
5273,#258,m1,No UV,16.54998481
10343,#317,m1,No UV,16.5522715
3859,#022,m1,No UV,16.55289452
6525,#263,m1,No UV,16.55413974
10353,#317,m1,No UV,16.55569476
5794,#258,m1,No UV,16.55797243
11750,#970,m1,No UV,16.55879978
10813,#317,m1,No UV,16.55941998
6843,#263,m1,No UV,16.55952332
2579,#009,m1,No UV,16.55993661
11682,#970,m1,No UV,16.56117578
616,#003,m1,No UV,16.5614854
2564,#009,m1,No UV,16.56231074
10607,#317,m1,No UV,16.56272324
2988,#009,m1,No UV,16.56313561
7908,#282,m1,No UV,16.56396001
8160,#282,m1,No UV,16.56396001
2983,#009,m1,No UV,16.56426904
5650,#258,m1,No UV,16.56571029
2552,#009,m1,No UV,16.56643038
10419,#317,m1,No UV,16.56663605
12488,#974,m1,No UV,16.57115346
11567,#970,m1,No UV,16.57146095
2712,#009,m1,No UV,16.57187084
11769,#970,m1,No UV,16.57320216
3761,#022,m1,No UV,16.57330452
5402,#258,m1,No UV,16.57361155
5751,#258,m1,No UV,16.57391852
10432,#317,m1,No UV,16.57422542
12701,#974,m1,No UV,16.57504351
5521,#258,m1,No UV,16.57555458
6848,#263,m1,No UV,16.57820922
8815,#289,m1,No UV,16.57933087
6591,#263,m1,No UV,16.58055349
9111,#291,m1,No UV,16.58116441
4048,#131,m1,No UV,16.58146978
2985,#009,m1,No UV,16.58208031
2976,#009,m1,No UV,16.58380876
4099,#131,m1,No UV,16.58482453
5641,#258,m1,No UV,16.5850276
4069,#131,m1,No UV,16.58543365
6223,#263,m1,No UV,16.58715808
9800,#303,m1,No UV,16.58756353
6340,#263,m1,No UV,16.58958908
1882,#006,m1,No UV,16.59019619
8818,#289,m1,No UV,16.59090416
9210,#291,m1,No UV,16.59100527
7102,#281,m1,No UV,16.59140964
1638,#006,m1,No UV,16.59252108
11648,#970,m1,No UV,16.59262208
5654,#258,m1,No UV,16.59322791
5754,#258,m1,No UV,16.59464054
2893,#009,m1,No UV,16.59574949
566,#003,m1,No UV,16.59645474
6766,#263,m1,No UV,16.59726032
5655,#258,m1,No UV,16.59846785
7993,#282,m1,No UV,16.59887014
3838,#022,m1,No UV,16.59967437
7118,#281,m1,No UV,16.60007632
4204,#131,m1,No UV,16.6010807
3026,#009,m1,No UV,16.60138188
9091,#291,m1,No UV,16.60148226
11669,#970,m1,No UV,16.60158263
2925,#009,m1,No UV,16.601683
1828,#006,m1,No UV,16.60388926
844,#003,m1,No UV,16.60559179
11664,#970,m1,No UV,16.60589203
4219,#131,m1,No UV,16.60699237
933,#003,m1,No UV,16.60769215
11333,#970,m1,No UV,16.60949002
7233,#281,m1,No UV,16.6107871
8042,#282,m1,No UV,16.6123819
8732,#289,m1,No UV,16.6123819
10421,#317,m1,No UV,16.61287991
8634,#289,m1,No UV,16.6144724
10467,#317,m1,No UV,16.61457187
8158,#282,m1,No UV,16.61626185
10791,#317,m1,No UV,16.6166592
2549,#009,m1,No UV,16.61735431
11347,#970,m1,No UV,16.6210229
7087,#281,m1,No UV,16.62171591
1529,#006,m1,No UV,16.62300204
2869,#009,m1,No UV,16.62300204
9242,#291,m1,No UV,16.62636036
8079,#282,m1,No UV,16.62655767
9834,#303,m1,No UV,16.62931711
1856,#006,m1,No UV,16.62990773
9752,#303,m1,No UV,16.63059649
11662,#970,m1,No UV,16.63069485
2809,#009,m1,No UV,16.63128491
5180,#258,m1,No UV,16.63167815
8124,#282,m1,No UV,16.63197301
9795,#303,m1,No UV,16.63207128
1661,#006,m1,No UV,16.63256255
10462,#317,m1,No UV,16.63334822
10488,#317,m1,No UV,16.63413347
6643,#263,m1,No UV,16.63442782
3137,#009,m1,No UV,16.6362907
6612,#263,m1,No UV,16.63775969
10610,#317,m1,No UV,16.64098621
11621,#970,m1,No UV,16.6416697
9865,#303,m1,No UV,16.64410808
12579,#974,m1,No UV,16.64420553
3806,#022,m1,No UV,16.6448875
2954,#009,m1,No UV,16.64498489
1543,#006,m1,No UV,16.64712597
9177,#291,m1,No UV,16.64965224
10582,#317,m1,No UV,16.64965224
5291,#258,m1,No UV,16.64994345
1521,#006,m1,No UV,16.65013755
2686,#009,m1,No UV,16.65062271
862,#003,m1,No UV,16.65071972
12628,#974,m1,No UV,16.65198026
4027,#131,m1,No UV,16.65449805
4113,#131,m1,No UV,16.65623857
676,#003,m1,No UV,16.65720462
7045,#281,m1,No UV,16.65778394
4210,#131,m1,No UV,16.65807351
4159,#131,m1,No UV,16.65817002
2523,#009,m1,No UV,16.65913478
6683,#263,m1,No UV,16.6595205
10722,#317,m1,No UV,16.65961691
2803,#009,m1,No UV,16.66144756
12495,#974,m1,No UV,16.66183266
6190,#263,m1,No UV,16.66260256
2999,#009,m1,No UV,16.66279497
706,#003,m1,No UV,16.66346821
6695,#263,m1,No UV,16.66481374
4222,#131,m1,No UV,16.66606203
3922,#022,m1,No UV,16.66692561
11565,#970,m1,No UV,16.67075747
3667,#022,m1,No UV,16.67152262
6557,#263,m1,No UV,16.67534231
3901,#022,m1,No UV,16.67658153
12223,#974,m1,No UV,16.68086295
552,#003,m1,No UV,16.68257197
9219,#291,m1,No UV,16.683805
2796,#009,m1,No UV,16.68513171
6205,#263,m1,No UV,16.68551054
5356,#258,m1,No UV,16.68617326
12569,#974,m1,No UV,16.68617326
1739,#006,m1,No UV,16.68683568
11683,#970,m1,No UV,16.68683568
6699,#263,m1,No UV,16.68749779
8825,#289,m1,No UV,16.687876
5263,#258,m1,No UV,16.68872662
10597,#317,m1,No UV,16.68938787
744,#003,m1,No UV,16.69259532
10758,#317,m1,No UV,16.69268955
789,#003,m1,No UV,16.69400811
544,#003,m1,No UV,16.69447874
8758,#289,m1,No UV,16.69579567
3167,#009,m1,No UV,16.69711139
10777,#317,m1,No UV,16.69795659
9203,#291,m1,No UV,16.70002053
6414,#263,m1,No UV,16.70105139
795,#003,m1,No UV,16.70170701
7091,#281,m1,No UV,16.7019879
6341,#263,m1,No UV,16.70432652
5336,#258,m1,No UV,16.70600799
702,#003,m1,No UV,16.70638138
11521,#970,m1,No UV,16.70722116
2839,#009,m1,No UV,16.70778074
5605,#258,m1,No UV,16.70787398
11503,#970,m1,No UV,16.70871289
6279,#263,m1,No UV,16.70955132
10418,#317,m1,No UV,16.70983069
10361,#317,m1,No UV,16.71150575
3004,#009,m1,No UV,16.71159875
3987,#022,m1,No UV,16.71187772
10573,#317,m1,No UV,16.7119707
3698,#022,m1,No UV,16.7122496
4079,#131,m1,No UV,16.71262138
8122,#282,m1,No UV,16.71327176
12567,#974,m1,No UV,16.71336465
8893,#289,m1,No UV,16.71438603
1489,#006,m1,No UV,16.71503562
623,#003,m1,No UV,16.71540669
5659,#258,m1,No UV,16.71614853
10726,#317,m1,No UV,16.71642662
5218,#258,m1,No UV,16.71772367
6668,#263,m1,No UV,16.71855688
5640,#258,m1,No UV,16.7193896
9744,#303,m1,No UV,16.72086881
6645,#263,m1,No UV,16.72336155
10724,#317,m1,No UV,16.72391491
6448,#263,m1,No UV,16.72446806
1471,#006,m1,No UV,16.72713861
5574,#258,m1,No UV,16.73026331
683,#003,m1,No UV,16.73154799
7158,#281,m1,No UV,16.73173143
5529,#258,m1,No UV,16.73557813
12497,#974,m1,No UV,16.73612682
2729,#009,m1,No UV,16.74005302
12368,#974,m1,No UV,16.74105568
6719,#263,m1,No UV,16.74287692
11507,#970,m1,No UV,16.74378668
2907,#009,m1,No UV,16.74424134
10765,#317,m1,No UV,16.74533195
6712,#263,m1,No UV,16.7454228
6477,#263,m1,No UV,16.74605857
10795,#317,m1,No UV,16.74642174
6821,#263,m1,No UV,16.74660329
7949,#282,m1,No UV,16.74878012
8708,#289,m1,No UV,16.74878012
11672,#970,m1,No UV,16.75122514
1653,#006,m1,No UV,16.75203922
729,#003,m1,No UV,16.75294322
9209,#291,m1,No UV,16.75312396
9975,#303,m1,No UV,16.75339501
2574,#009,m1,No UV,16.75375634
4133,#131,m1,No UV,16.754569
11434,#970,m1,No UV,16.75826533
8786,#289,m1,No UV,16.75880546
1798,#006,m1,No UV,16.76222162
475,#003,m1,No UV,16.763209
2806,#009,m1,No UV,16.76392667
5485,#258,m1,No UV,16.76509212
9129,#291,m1,No UV,16.7674202
5211,#258,m1,No UV,16.768851
11596,#970,m1,No UV,16.76894038
1648,#006,m1,No UV,16.76902975
5182,#258,m1,No UV,16.77295667
6615,#263,m1,No UV,16.7740258
9077,#291,m1,No UV,16.77527211
4063,#131,m1,No UV,16.77722843
6625,#263,m1,No UV,16.77882708
7181,#281,m1,No UV,16.77935957
12210,#974,m1,No UV,16.78210764
6399,#263,m1,No UV,16.78219621
5546,#258,m1,No UV,16.78237331
2845,#009,m1,No UV,16.78255039
9081,#291,m1,No UV,16.78272745
5174,#258,m1,No UV,16.78290449
2586,#009,m1,No UV,16.78378937
12192,#974,m1,No UV,16.78502728
6837,#263,m1,No UV,16.78652902
4059,#131,m1,No UV,16.78723519
10700,#317,m1,No UV,16.79269628
7975,#282,m1,No UV,16.7930479
11771,#970,m1,No UV,16.79515582
3116,#009,m1,No UV,16.79743593
5757,#258,m1,No UV,16.79962495
7951,#282,m1,No UV,16.80093677
7101,#281,m1,No UV,16.80137378
4163,#131,m1,No UV,16.80154854
12572,#974,m1,No UV,16.80172329
9185,#291,m1,No UV,16.80538805
3666,#022,m1,No UV,16.80591083
11431,#970,m1,No UV,16.80669464
10799,#317,m1,No UV,16.80712991
3917,#022,m1,No UV,16.80721695
9288,#291,m1,No UV,16.80791306
9104,#291,m1,No UV,16.80886967
6620,#263,m1,No UV,16.80913045
6829,#263,m1,No UV,16.80930428
860,#003,m1,No UV,16.81043366
11650,#970,m1,No UV,16.8138165
5483,#258,m1,No UV,16.81442284
850,#003,m1,No UV,16.81909176
746,#003,m1,No UV,16.81917808
9128,#291,m1,No UV,16.81986845
8840,#289,m1,No UV,16.81995472
792,#003,m1,No UV,16.82004099
6644,#263,m1,No UV,16.82133438
612,#003,m1,No UV,16.82228214
6496,#263,m1,No UV,16.82383166
5518,#258,m1,No UV,16.82520762
4201,#131,m1,No UV,16.82529358
8847,#289,m1,No UV,16.82529358
1475,#006,m1,No UV,16.8264964
7172,#281,m1,No UV,16.82735494
10629,#317,m1,No UV,16.82735494
827,#003,m1,No UV,16.82795562
8888,#289,m1,No UV,16.82924194
6260,#263,m1,No UV,16.82975614
790,#003,m1,No UV,16.83035582
4073,#131,m1,No UV,16.83095525
12629,#974,m1,No UV,16.83181114
9107,#291,m1,No UV,16.8322389
1535,#006,m1,No UV,16.83369233
3944,#022,m1,No UV,16.83488817
8015,#282,m1,No UV,16.83736211
1690,#006,m1,No UV,16.83940631
11331,#970,m1,No UV,16.83966164
1572,#006,m1,No UV,16.84263706
1855,#006,m1,No UV,16.84509776
12441,#974,m1,No UV,16.84526731
8192,#282,m1,No UV,16.84611476
2979,#009,m1,No UV,16.84789278
9192,#291,m1,No UV,16.8483158
7933,#282,m1,No UV,16.84975312
8043,#282,m1,No UV,16.85000662
5252,#258,m1,No UV,16.85127344
11646,#970,m1,No UV,16.85270782
12492,#974,m1,No UV,16.85279215
6447,#263,m1,No UV,16.85346663
555,#003,m1,No UV,16.85371947
743,#003,m1,No UV,16.85422503
12485,#974,m1,No UV,16.85447774
9113,#291,m1,No UV,16.85456197
1796,#006,m1,No UV,16.8558248
9982,#303,m1,No UV,16.85616136
5284,#258,m1,No UV,16.85632962
8794,#289,m1,No UV,16.85691835
8190,#282,m1,No UV,16.85927089
8788,#289,m1,No UV,16.86187102
9184,#291,m1,No UV,16.8624575
11620,#970,m1,No UV,16.8624575
6397,#263,m1,No UV,16.86304374
11541,#970,m1,No UV,16.86597137
911,#003,m1,No UV,16.86630558
8666,#289,m1,No UV,16.86730774
2865,#009,m1,No UV,16.86981011
802,#003,m1,No UV,16.87097639
1617,#006,m1,No UV,16.8725577
10479,#317,m1,No UV,16.87355553
8797,#289,m1,No UV,16.87530007
3694,#022,m1,No UV,16.87613007
11536,#970,m1,No UV,16.87621304
3915,#022,m1,No UV,16.87820297
8662,#289,m1,No UV,16.87878284
3852,#022,m1,No UV,16.87985914
9896,#303,m1,No UV,16.88068652
10004,#303,m1,No UV,16.88076923
7191,#281,m1,No UV,16.88110003
10029,#303,m1,No UV,16.88151342
9180,#291,m1,No UV,16.88209197
9282,#291,m1,No UV,16.88308323
10535,#317,m1,No UV,16.88498124
935,#003,m1,No UV,16.88547596
5398,#258,m1,No UV,16.88613533
4171,#131,m1,No UV,16.88827619
9190,#291,m1,No UV,16.89172782
4028,#131,m1,No UV,16.89254841
6231,#263,m1,No UV,16.8938604
9742,#303,m1,No UV,16.89492552
563,#003,m1,No UV,16.89762574
7021,#281,m1,No UV,16.89819786
731,#003,m1,No UV,16.89974963
5647,#258,m1,No UV,16.89991288
3758,#022,m1,No UV,16.90064726
1627,#006,m1,No UV,16.90105509
1644,#006,m1,No UV,16.90113664
3734,#022,m1,No UV,16.9018704
10667,#317,m1,No UV,16.90235937
5772,#258,m1,No UV,16.90488306
3173,#009,m1,No UV,16.90504572
484,#003,m1,No UV,16.90626514
1641,#006,m1,No UV,16.90715873
2659,#009,m1,No UV,16.90821407
10550,#317,m1,No UV,16.90886313
12505,#974,m1,No UV,16.90959297
5776,#258,m1,No UV,16.9104845
12219,#974,m1,No UV,16.91113254
6258,#263,m1,No UV,16.91218498
956,#003,m1,No UV,16.91501467
10561,#317,m1,No UV,16.91574141
6351,#263,m1,No UV,16.91759696
10714,#317,m1,No UV,16.91759696
2932,#009,m1,No UV,16.91800003
607,#003,m1,No UV,16.92330998
8649,#289,m1,No UV,16.92443382
4192,#131,m1,No UV,16.92555679
3186,#009,m1,No UV,16.92707942
11629,#970,m1,No UV,16.92747985
9966,#303,m1,No UV,16.92763999
2669,#009,m1,No UV,16.92780011
10604,#317,m1,No UV,16.92844042
2550,#009,m1,No UV,16.92916043
9080,#291,m1,No UV,16.93003995
4129,#131,m1,No UV,16.93235612
12333,#974,m1,No UV,16.93275508
7976,#282,m1,No UV,16.93434984
3770,#022,m1,No UV,16.9352262
7115,#281,m1,No UV,16.93530585
9088,#291,m1,No UV,16.93610204
6639,#263,m1,No UV,16.94031452
5444,#258,m1,No UV,16.94047324
9181,#291,m1,No UV,16.94047324
1753,#006,m1,No UV,16.94126658
1592,#006,m1,No UV,16.94261427
9807,#303,m1,No UV,16.94293119
6672,#263,m1,No UV,16.94372318
7038,#281,m1,No UV,16.94506857
931,#003,m1,No UV,16.94530586
4109,#131,m1,No UV,16.94815033
6420,#263,m1,No UV,16.94815033
6827,#263,m1,No UV,16.94917612
6274,#263,m1,No UV,16.95169803
5382,#258,m1,No UV,16.95201297
7258,#281,m1,No UV,16.95358659
7230,#281,m1,No UV,16.95397972
1689,#006,m1,No UV,16.95405834
11733,#970,m1,No UV,16.9546871
10711,#317,m1,No UV,16.95602231
10588,#317,m1,No UV,16.95649327
5450,#258,m1,No UV,16.95688561
11616,#970,m1,No UV,16.9581404
3047,#009,m1,No UV,16.95892409
10426,#317,m1,No UV,16.95908078
6295,#263,m1,No UV,16.9604902
3890,#022,m1,No UV,16.96088146
6299,#263,m1,No UV,16.9620546
12279,#974,m1,No UV,16.96346112
5729,#258,m1,No UV,16.96510032
5274,#258,m1,No UV,16.96564631
12406,#974,m1,No UV,16.96619209
11772,#970,m1,No UV,16.9678282
12211,#974,m1,No UV,16.9678282
1706,#006,m1,No UV,16.96813963
819,#003,m1,No UV,16.96829532
12188,#974,m1,No UV,16.96860665
11681,#970,m1,No UV,16.97024002
5687,#258,m1,No UV,16.97249259
944,#003,m1,No UV,16.97365634
10405,#317,m1,No UV,16.97489663
2700,#009,m1,No UV,16.97729667
3143,#009,m1,No UV,16.98023322
1846,#006,m1,No UV,16.98485774
8752,#289,m1,No UV,16.98562706
6237,#263,m1,No UV,16.98654969
5581,#258,m1,No UV,16.9883932
8018,#282,m1,No UV,16.9883932
12549,#974,m1,No UV,16.98962089
9095,#291,m1,No UV,16.99077091
12665,#974,m1,No UV,16.99237939
5481,#258,m1,No UV,16.99260903
808,#003,m1,No UV,16.99444481
2660,#009,m1,No UV,16.99627826
7961,#282,m1,No UV,16.99887166
479,#003,m1,No UV,17.00130826
10687,#317,m1,No UV,17.00146041
2530,#009,m1,No UV,17.00199281
2982,#009,m1,No UV,17.00336095
7917,#282,m1,No UV,17.00351288
3117,#009,m1,No UV,17.0038167
1525,#006,m1,No UV,17.00419639
2548,#009,m1,No UV,17.00563829
3920,#022,m1,No UV,17.00632079
10517,#317,m1,No UV,17.00859347
11362,#970,m1,No UV,17.0089719
11512,#970,m1,No UV,17.00927457
869,#003,m1,No UV,17.0098041
3671,#022,m1,No UV,17.01018221
5443,#258,m1,No UV,17.01018221
3835,#022,m1,No UV,17.01056023
2580,#009,m1,No UV,17.01108928
8669,#289,m1,No UV,17.01139151
1829,#006,m1,No UV,17.01229782
2753,#009,m1,No UV,17.0138825
598,#003,m1,No UV,17.01433494
11569,#970,m1,No UV,17.01539009
4030,#131,m1,No UV,17.01546543
8672,#289,m1,No UV,17.01546543
7260,#281,m1,No UV,17.01689612
10516,#317,m1,No UV,17.01915221
5528,#258,m1,No UV,17.02222984
9109,#291,m1,No UV,17.02305443
867,#003,m1,No UV,17.02440274
6509,#263,m1,No UV,17.02500159
11576,#970,m1,No UV,17.02530092
9740,#303,m1,No UV,17.02552538
3978,#022,m1,No UV,17.0257498
5185,#258,m1,No UV,17.02589939
547,#003,m1,No UV,17.02634809
11740,#970,m1,No UV,17.02694612
7900,#282,m1,No UV,17.02776802
9099,#291,m1,No UV,17.02963424
8789,#289,m1,No UV,17.03038005
1597,#006,m1,No UV,17.03045461
5761,#258,m1,No UV,17.03209395
4014,#131,m1,No UV,17.03216842
12329,#974,m1,No UV,17.03283849
11554,#970,m1,No UV,17.0331362
2751,#009,m1,No UV,17.03581281
2543,#009,m1,No UV,17.03766866
4180,#131,m1,No UV,17.03981845
966,#003,m1,No UV,17.03989252
493,#003,m1,No UV,17.03996659
3141,#009,m1,No UV,17.0427045
10669,#317,m1,No UV,17.04285235
2866,#009,m1,No UV,17.04440384
5570,#258,m1,No UV,17.04447767
10018,#303,m1,No UV,17.04823844
9116,#291,m1,No UV,17.04853299
6714,#263,m1,No UV,17.0491219
9902,#303,m1,No UV,17.04934268
8630,#289,m1,No UV,17.05154864
9259,#291,m1,No UV,17.05213632
9227,#291,m1,No UV,17.05279719
5418,#258,m1,No UV,17.0528706
8897,#289,m1,No UV,17.05331098
11338,#970,m1,No UV,17.054118
1691,#006,m1,No UV,17.05470464
489,#003,m1,No UV,17.05521775
5723,#258,m1,No UV,17.05521775
10555,#317,m1,No UV,17.05529104
3110,#009,m1,No UV,17.0561702
4050,#131,m1,No UV,17.0571952
6823,#263,m1,No UV,17.06004674
6506,#263,m1,No UV,17.06230933
5758,#258,m1,No UV,17.06260102
5333,#258,m1,No UV,17.06493242
12719,#974,m1,No UV,17.06493242
12702,#974,m1,No UV,17.06566021
2668,#009,m1,No UV,17.06653307
3061,#009,m1,No UV,17.06718737
6257,#263,m1,No UV,17.06769606
3211,#009,m1,No UV,17.06784137
11421,#970,m1,No UV,17.06813194
11439,#970,m1,No UV,17.07175918
6208,#263,m1,No UV,17.07233869
821,#003,m1,No UV,17.07364174
11522,#970,m1,No UV,17.07646099
9743,#303,m1,No UV,17.07761601
3946,#022,m1,No UV,17.07999533
8652,#289,m1,No UV,17.08330542
8019,#282,m1,No UV,17.08416767
11517,#970,m1,No UV,17.0842395
9829,#303,m1,No UV,17.08438315
5394,#258,m1,No UV,17.08481402
5604,#258,m1,No UV,17.0861776
12716,#974,m1,No UV,17.08682305
1472,#006,m1,No UV,17.08811309
3843,#022,m1,No UV,17.08868607
1490,#006,m1,No UV,17.0897598
7228,#281,m1,No UV,17.09033213
11381,#970,m1,No UV,17.09126167
4161,#131,m1,No UV,17.09183341
9092,#291,m1,No UV,17.0919763
8057,#282,m1,No UV,17.09204775
7972,#282,m1,No UV,17.09211919
5426,#258,m1,No UV,17.0934045
12470,#974,m1,No UV,17.09418941
6722,#263,m1,No UV,17.09468867
2808,#009,m1,No UV,17.09497389
8650,#289,m1,No UV,17.09575794
9862,#303,m1,No UV,17.09696883
6233,#263,m1,No UV,17.0997429
10756,#317,m1,No UV,17.10009816
9086,#291,m1,No UV,17.10456702
6607,#263,m1,No UV,17.10477948
2536,#009,m1,No UV,17.10902208
8674,#289,m1,No UV,17.10972797
9226,#291,m1,No UV,17.11022188
9832,#303,m1,No UV,17.11092719
5196,#258,m1,No UV,17.11332264
3044,#009,m1,No UV,17.11360419
1630,#006,m1,No UV,17.11494084
7106,#281,m1,No UV,17.11501115
11436,#970,m1,No UV,17.11578439
9769,#303,m1,No UV,17.11620599
2877,#009,m1,No UV,17.11845241
1546,#006,m1,No UV,17.11971449
3670,#022,m1,No UV,17.1206253
8892,#289,m1,No UV,17.12076538
8156,#282,m1,No UV,17.12125553
6647,#263,m1,No UV,17.12538022
2671,#009,m1,No UV,17.12621769
8772,#289,m1,No UV,17.12663625
5342,#258,m1,No UV,17.12761241
9853,#303,m1,No UV,17.12851825
4199,#131,m1,No UV,17.12991075
5685,#258,m1,No UV,17.12998034
3686,#022,m1,No UV,17.13171899
10014,#303,m1,No UV,17.13227491
1540,#006,m1,No UV,17.13262226
5299,#258,m1,No UV,17.13317783
9141,#291,m1,No UV,17.1339414
12343,#974,m1,No UV,17.13414958
10403,#317,m1,No UV,17.13505133
5293,#258,m1,No UV,17.13581391
3846,#022,m1,No UV,17.13609111
11440,#970,m1,No UV,17.13609111
10460,#317,m1,No UV,17.13636826
8886,#289,m1,No UV,17.13851435
5686,#258,m1,No UV,17.14010456
1799,#006,m1,No UV,17.14169301
12444,#974,m1,No UV,17.14314181
6318,#263,m1,No UV,17.14541556
12215,#974,m1,No UV,17.14686063
4200,#131,m1,No UV,17.14692941
2537,#009,m1,No UV,17.14782321
12563,#974,m1,No UV,17.14816683
6186,#263,m1,No UV,17.14851037
5264,#258,m1,No UV,17.15056989
7921,#282,m1,No UV,17.15235244
6433,#263,m1,No UV,17.15372213
2644,#009,m1,No UV,17.15406435
12625,#974,m1,No UV,17.15413278
603,#003,m1,No UV,17.1544749
9928,#303,m1,No UV,17.15495374
871,#003,m1,No UV,17.15502213
3075,#009,m1,No UV,17.15584258
12208,#974,m1,No UV,17.15632096
11497,#970,m1,No UV,17.15761863
9266,#291,m1,No UV,17.15775515
2676,#009,m1,No UV,17.15905153
11422,#970,m1,No UV,17.15952885
7027,#281,m1,No UV,17.16055114
9257,#291,m1,No UV,17.16116417
9805,#303,m1,No UV,17.1635457
962,#003,m1,No UV,17.16775478
10609,#317,m1,No UV,17.16829699
5505,#258,m1,No UV,17.16843251
9195,#291,m1,No UV,17.16917765
12201,#974,m1,No UV,17.17053147
12494,#974,m1,No UV,17.1712079
12194,#974,m1,No UV,17.1720192
2958,#009,m1,No UV,17.17208679
5408,#258,m1,No UV,17.17397797
8140,#282,m1,No UV,17.17404546
10655,#317,m1,No UV,17.17465278
10664,#317,m1,No UV,17.175597
1482,#006,m1,No UV,17.17909869
3049,#009,m1,No UV,17.17956942
2821,#009,m1,No UV,17.17990556
3664,#022,m1,No UV,17.18084635
5665,#258,m1,No UV,17.18339682
2861,#009,m1,No UV,17.18359799
10805,#317,m1,No UV,17.18373208
832,#003,m1,No UV,17.1855411
6556,#263,m1,No UV,17.18560806
930,#003,m1,No UV,17.18694655
1480,#006,m1,No UV,17.18808329
6335,#263,m1,No UV,17.19162152
2576,#009,m1,No UV,17.19375362
6793,#263,m1,No UV,17.1943527
6622,#263,m1,No UV,17.1944858
3077,#009,m1,No UV,17.19515109
3912,#022,m1,No UV,17.19747722
10684,#317,m1,No UV,17.19780922
6604,#263,m1,No UV,17.19887109
11647,#970,m1,No UV,17.2003299
12489,#974,m1,No UV,17.20198585
1743,#006,m1,No UV,17.202383
1522,#006,m1,No UV,17.20304466
8902,#289,m1,No UV,17.2041688
10544,#317,m1,No UV,17.20575432
10619,#317,m1,No UV,17.20674439
6396,#263,m1,No UV,17.20681037
9893,#303,m1,No UV,17.2073381
8718,#289,m1,No UV,17.20747001
6431,#263,m1,No UV,17.20812935
12200,#974,m1,No UV,17.21017138
5537,#258,m1,No UV,17.21168457
2817,#009,m1,No UV,17.21372158
12345,#974,m1,No UV,17.21529664
2638,#009,m1,No UV,17.21555899
1530,#006,m1,No UV,17.21569014
3073,#009,m1,No UV,17.21719756
3057,#009,m1,No UV,17.21798341
1657,#006,m1,No UV,17.21811434
3839,#022,m1,No UV,17.21916139
648,#003,m1,No UV,17.2192268
6596,#263,m1,No UV,17.22099189
8813,#289,m1,No UV,17.22112255
3099,#009,m1,No UV,17.22223269
8149,#282,m1,No UV,17.22321152
1697,#006,m1,No UV,17.22327675
7041,#281,m1,No UV,17.22568825
2734,#009,m1,No UV,17.22594871
1793,#006,m1,No UV,17.22692502
2972,#009,m1,No UV,17.22881068
9970,#303,m1,No UV,17.22920051
10576,#317,m1,No UV,17.22926548
1781,#006,m1,No UV,17.23075878
5277,#258,m1,No UV,17.23166699
8136,#282,m1,No UV,17.23309303
5465,#258,m1,No UV,17.23399977
10673,#317,m1,No UV,17.23399977
5504,#258,m1,No UV,17.23510006
6390,#263,m1,No UV,17.23542351
7015,#281,m1,No UV,17.23568222
2968,#009,m1,No UV,17.23626414
601,#003,m1,No UV,17.23645807
5345,#258,m1,No UV,17.23665197
9897,#303,m1,No UV,17.23755648
5644,#258,m1,No UV,17.24078225
12518,#974,m1,No UV,17.24290732
4140,#131,m1,No UV,17.24412942
11344,#970,m1,No UV,17.24541473
9797,#303,m1,No UV,17.24586432
823,#003,m1,No UV,17.24592854
6272,#263,m1,No UV,17.24682725
6566,#263,m1,No UV,17.24682725
9879,#303,m1,No UV,17.24708392
10572,#317,m1,No UV,17.24708392
2996,#009,m1,No UV,17.25028849
10352,#317,m1,No UV,17.25054455
6635,#263,m1,No UV,17.25086456
4138,#131,m1,No UV,17.25239961
7237,#281,m1,No UV,17.25284703
4047,#131,m1,No UV,17.25406075
10346,#317,m1,No UV,17.25731358
8087,#282,m1,No UV,17.25915997
6284,#263,m1,No UV,17.26100399
6495,#263,m1,No UV,17.26208388
5361,#258,m1,No UV,17.26240134
1840,#006,m1,No UV,17.26512861
2538,#009,m1,No UV,17.26576212
6791,#263,m1,No UV,17.26702831
10415,#317,m1,No UV,17.26715487
5407,#258,m1,No UV,17.26759773
2581,#009,m1,No UV,17.27012578
8722,#289,m1,No UV,17.27025207
5429,#258,m1,No UV,17.27050461
6398,#263,m1,No UV,17.27119886
9310,#291,m1,No UV,17.27132505
11424,#970,m1,No UV,17.27145124
6409,#263,m1,No UV,17.27157741
5449,#258,m1,No UV,17.27271244
11803,#970,m1,No UV,17.2753574
8667,#289,m1,No UV,17.27567195
3078,#009,m1,No UV,17.27692947
735,#003,m1,No UV,17.27856262
6544,#263,m1,No UV,17.27906475
10332,#317,m1,No UV,17.28201127
8781,#289,m1,No UV,17.28345099
942,#003,m1,No UV,17.28588898
10534,#317,m1,No UV,17.28682557
8030,#282,m1,No UV,17.28707523
5612,#258,m1,No UV,17.28907091
11794,#970,m1,No UV,17.28988087
9993,#303,m1,No UV,17.29174828
5415,#258,m1,No UV,17.29205928
5792,#258,m1,No UV,17.29205928
2829,#009,m1,No UV,17.2961582
10402,#317,m1,No UV,17.297398
5693,#258,m1,No UV,17.29925571
7963,#282,m1,No UV,17.30247008
4070,#131,m1,No UV,17.30327255
2813,#009,m1,No UV,17.30351938
8706,#289,m1,No UV,17.30351938
1839,#006,m1,No UV,17.30487616
4066,#131,m1,No UV,17.306478
11768,#970,m1,No UV,17.307832
12448,#974,m1,No UV,17.307832
976,#003,m1,No UV,17.30844704
8144,#282,m1,No UV,17.30875446
9174,#291,m1,No UV,17.30893888
11804,#970,m1,No UV,17.30955345
11705,#970,m1,No UV,17.31102734
9969,#303,m1,No UV,17.31231576
8757,#289,m1,No UV,17.31378684
7169,#281,m1,No UV,17.3143381
8016,#282,m1,No UV,17.31439934
6771,#263,m1,No UV,17.31709128
11706,#970,m1,No UV,17.31764129
10350,#317,m1,No UV,17.31916798
4197,#131,m1,No UV,17.3194121
4167,#131,m1,No UV,17.3211198
12291,#974,m1,No UV,17.32227744
1528,#006,m1,No UV,17.32246014
11639,#970,m1,No UV,17.323495
11615,#970,m1,No UV,17.32392091
10414,#317,m1,No UV,17.32458994
5752,#258,m1,No UV,17.3261093
10704,#317,m1,No UV,17.32695944
6381,#263,m1,No UV,17.32756638
12487,#974,m1,No UV,17.32841567
8688,#289,m1,No UV,17.33126319
10063,#303,m1,No UV,17.33386346
8733,#289,m1,No UV,17.33808646
2560,#009,m1,No UV,17.33838763
6280,#263,m1,No UV,17.33880916
12353,#974,m1,No UV,17.33923057
929,#003,m1,No UV,17.33941114
10688,#317,m1,No UV,17.33983237
11337,#970,m1,No UV,17.34181653
6578,#263,m1,No UV,17.3419367
10533,#317,m1,No UV,17.34331787
6756,#263,m1,No UV,17.34445784
12605,#974,m1,No UV,17.3452373
6310,#263,m1,No UV,17.34691472
3840,#022,m1,No UV,17.34876958
12359,#974,m1,No UV,17.34882937
5475,#258,m1,No UV,17.35014423
5479,#258,m1,No UV,17.35253181
8887,#289,m1,No UV,17.35324731
9892,#303,m1,No UV,17.35431991
10473,#317,m1,No UV,17.35574879
11589,#970,m1,No UV,17.35580829
5584,#258,m1,No UV,17.35664112
6485,#263,m1,No UV,17.35693844
1843,#006,m1,No UV,17.35765177
8777,#289,m1,No UV,17.35788946
10411,#317,m1,No UV,17.35949289
5533,#258,m1,No UV,17.36008629
2789,#009,m1,No UV,17.36038291
1712,#006,m1,No UV,17.36263517
10671,#317,m1,No UV,17.3664796
9269,#291,m1,No UV,17.36736533
3721,#022,m1,No UV,17.36937095
9919,#303,m1,No UV,17.36996031
5200,#258,m1,No UV,17.37019599
11728,#970,m1,No UV,17.3713738
1854,#006,m1,No UV,17.37255064
7156,#281,m1,No UV,17.3737853
6522,#263,m1,No UV,17.37507761
8725,#289,m1,No UV,17.37554726
6259,#263,m1,No UV,17.37601676
11332,#970,m1,No UV,17.37672071
6750,#263,m1,No UV,17.37677936
7907,#282,m1,No UV,17.37812759
2884,#009,m1,No UV,17.38251526
11825,#970,m1,No UV,17.38409156
3823,#022,m1,No UV,17.38438328
11423,#970,m1,No UV,17.38502485
1779,#006,m1,No UV,17.38718078
9098,#291,m1,No UV,17.3879957
8750,#289,m1,No UV,17.38956603
12432,#974,m1,No UV,17.3904377
6292,#263,m1,No UV,17.3915991
3746,#022,m1,No UV,17.3918893
5602,#258,m1,No UV,17.39270157
8651,#289,m1,No UV,17.39322349
954,#003,m1,No UV,17.3934554
2899,#009,m1,No UV,17.3934554
3815,#022,m1,No UV,17.39362931
1579,#006,m1,No UV,17.39935648
1695,#006,m1,No UV,17.40270126
12209,#974,m1,No UV,17.40270126
8147,#282,m1,No UV,17.40333474
1654,#006,m1,No UV,17.40339231
6830,#263,m1,No UV,17.40350746
5286,#258,m1,No UV,17.40356502
6586,#263,m1,No UV,17.40356502
602,#003,m1,No UV,17.40391039
1531,#006,m1,No UV,17.40483095
11509,#970,m1,No UV,17.40500349
1831,#006,m1,No UV,17.40598083
4206,#131,m1,No UV,17.40735947
3736,#022,m1,No UV,17.40908093
3821,#022,m1,No UV,17.40936764
3969,#022,m1,No UV,17.4099982
6289,#263,m1,No UV,17.41062849
10032,#303,m1,No UV,17.41085761
5354,#258,m1,No UV,17.41331843
2791,#009,m1,No UV,17.41366146
9261,#291,m1,No UV,17.42181311
6681,#263,m1,No UV,17.42221096
9737,#303,m1,No UV,17.42294954
10680,#317,m1,No UV,17.42527642
2881,#009,m1,No UV,17.42550323
536,#003,m1,No UV,17.42641012
936,#003,m1,No UV,17.42692
6207,#263,m1,No UV,17.42714655
5782,#258,m1,No UV,17.42725982
5410,#258,m1,No UV,17.42912738
5335,#258,m1,No UV,17.42957976
11578,#970,m1,No UV,17.43014504
8775,#289,m1,No UV,17.43336288
10466,#317,m1,No UV,17.43347566
5598,#258,m1,No UV,17.43392668
3719,#022,m1,No UV,17.4353352
9978,#303,m1,No UV,17.43578564
12590,#974,m1,No UV,17.43601081
7943,#282,m1,No UV,17.43640476
9217,#291,m1,No UV,17.43679861
7901,#282,m1,No UV,17.43865388
1744,#006,m1,No UV,17.4398894
7110,#281,m1,No UV,17.44050676
5406,#258,m1,No UV,17.44073119
4187,#131,m1,No UV,17.44554802
9959,#303,m1,No UV,17.44610708
6552,#263,m1,No UV,17.44700111
6805,#263,m1,No UV,17.44744792
3899,#022,m1,No UV,17.44767128
9785,#303,m1,No UV,17.44917801
12633,#974,m1,No UV,17.45090602
7940,#282,m1,No UV,17.45713197
9277,#291,m1,No UV,17.45879509
5532,#258,m1,No UV,17.4601242
3696,#022,m1,No UV,17.46040094
1837,#006,m1,No UV,17.46089895
9790,#303,m1,No UV,17.46150739
12321,#974,m1,No UV,17.46178387
9078,#291,m1,No UV,17.46206029
10546,#317,m1,No UV,17.46266824
12431,#974,m1,No UV,17.46299974
6729,#263,m1,No UV,17.4642146
3005,#009,m1,No UV,17.46840352
12704,#974,m1,No UV,17.46928385
4081,#131,m1,No UV,17.46939385
2870,#009,m1,No UV,17.4741709
3179,#009,m1,No UV,17.47433534
5470,#258,m1,No UV,17.47811239
3841,#022,m1,No UV,17.4801337
3778,#022,m1,No UV,17.48149785
12710,#974,m1,No UV,17.48204315
635,#003,m1,No UV,17.48492979
1590,#006,m1,No UV,17.48503861
5649,#258,m1,No UV,17.48694158
1622,#006,m1,No UV,17.48705024
12225,#974,m1,No UV,17.48846215
2804,#009,m1,No UV,17.49176928
9280,#291,m1,No UV,17.49479867
5201,#258,m1,No UV,17.49571705
11575,#970,m1,No UV,17.49587906
11651,#970,m1,No UV,17.49620302
5765,#258,m1,No UV,17.49636497
7113,#281,m1,No UV,17.49792957
10806,#317,m1,No UV,17.49852259
3071,#009,m1,No UV,17.50062318
6416,#263,m1,No UV,17.50169921
4086,#131,m1,No UV,17.5019681
492,#003,m1,No UV,17.50336548
6417,#263,m1,No UV,17.50427843
12370,#974,m1,No UV,17.50572721
545,#003,m1,No UV,17.50631704
2994,#009,m1,No UV,17.50824571
9971,#303,m1,No UV,17.50985096
8046,#282,m1,No UV,17.51054602
1591,#006,m1,No UV,17.5117215
2646,#009,m1,No UV,17.51193513
10656,#317,m1,No UV,17.51262918
8010,#282,m1,No UV,17.5184886
6206,#263,m1,No UV,17.51907324
11744,#970,m1,No UV,17.5195514
11341,#970,m1,No UV,17.52077265
10542,#317,m1,No UV,17.52093187
705,#003,m1,No UV,17.52109107
1833,#006,m1,No UV,17.52151552
10515,#317,m1,No UV,17.52342398
3083,#009,m1,No UV,17.52352994
592,#003,m1,No UV,17.52363588
7023,#281,m1,No UV,17.52559444
10734,#317,m1,No UV,17.52718052
6533,#263,m1,No UV,17.52871207
876,#003,m1,No UV,17.52950362
2872,#009,m1,No UV,17.52976737
3763,#022,m1,No UV,17.53008381
6633,#263,m1,No UV,17.53061105
3088,#009,m1,No UV,17.53382307
9286,#291,m1,No UV,17.53382307
12493,#974,m1,No UV,17.53403344
7034,#281,m1,No UV,17.53471695
8040,#282,m1,No UV,17.53487463
794,#003,m1,No UV,17.53576786
5285,#258,m1,No UV,17.53949244
8890,#289,m1,No UV,17.53980675
6826,#263,m1,No UV,17.5399115
10717,#317,m1,No UV,17.54231879
7902,#282,m1,No UV,17.5431029
9175,#291,m1,No UV,17.54378213
10659,#317,m1,No UV,17.54461765
8774,#289,m1,No UV,17.5451918
5186,#258,m1,No UV,17.5454527
5468,#258,m1,No UV,17.54811118
7022,#281,m1,No UV,17.5494646
6212,#263,m1,No UV,17.55029684
6692,#263,m1,No UV,17.55123255
1704,#006,m1,No UV,17.55206377
738,#003,m1,No UV,17.55605736
6386,#263,m1,No UV,17.55652342
3705,#022,m1,No UV,17.55693757
12205,#974,m1,No UV,17.55771378
12276,#974,m1,No UV,17.56060796
9198,#291,m1,No UV,17.56329022
7906,#282,m1,No UV,17.56432053
12221,#974,m1,No UV,17.56447502
2961,#009,m1,No UV,17.5678181
811,#003,m1,No UV,17.57017931
10338,#317,m1,No UV,17.57151219
7968,#282,m1,No UV,17.57376504
8183,#282,m1,No UV,17.57616762
7913,#282,m1,No UV,17.57693356
7088,#281,m1,No UV,17.57759704
3156,#009,m1,No UV,17.57907602
4029,#131,m1,No UV,17.58045164
6521,#263,m1,No UV,17.58045164
5471,#258,m1,No UV,17.58385957
5674,#258,m1,No UV,17.58589031
12499,#974,m1,No UV,17.58675252
10660,#317,m1,No UV,17.58994326
9930,#303,m1,No UV,17.59231906
12190,#974,m1,No UV,17.59388395
6795,#263,m1,No UV,17.59610216
5209,#258,m1,No UV,17.59892042
2665,#009,m1,No UV,17.59922205
5223,#258,m1,No UV,17.60032748
11577,#970,m1,No UV,17.60032748
4106,#131,m1,No UV,17.60353849
686,#003,m1,No UV,17.60413976
9189,#291,m1,No UV,17.60919053
5403,#258,m1,No UV,17.60963975
5660,#258,m1,No UV,17.61058762
877,#003,m1,No UV,17.61273052
12445,#974,m1,No UV,17.61472107
5295,#258,m1,No UV,17.61675853
4130,#131,m1,No UV,17.61834674
6628,#263,m1,No UV,17.61844595
10348,#317,m1,No UV,17.61864434
875,#003,m1,No UV,17.61914019
5279,#258,m1,No UV,17.61958632
11418,#970,m1,No UV,17.62023048
5763,#258,m1,No UV,17.62062674
9766,#303,m1,No UV,17.62122093
1778,#006,m1,No UV,17.62250751
10600,#317,m1,No UV,17.62394118
2820,#009,m1,No UV,17.62591633
9901,#303,m1,No UV,17.62670563
6680,#263,m1,No UV,17.62936634
5254,#258,m1,No UV,17.63108825
4137,#131,m1,No UV,17.63118658
11390,#970,m1,No UV,17.63202215
6464,#263,m1,No UV,17.63270989
5421,#258,m1,No UV,17.6337409
6616,#263,m1,No UV,17.63526151
4158,#131,m1,No UV,17.63540858
8041,#282,m1,No UV,17.63604572
12374,#974,m1,No UV,17.6362417
11770,#970,m1,No UV,17.63731915
5195,#258,m1,No UV,17.63780863
12486,#974,m1,No UV,17.63927607
6346,#263,m1,No UV,17.6417185
11501,#970,m1,No UV,17.64181611
8837,#289,m1,No UV,17.64210891
11583,#970,m1,No UV,17.64220649
2701,#009,m1,No UV,17.64274309
9094,#291,m1,No UV,17.64401063
9767,#303,m1,No UV,17.64566649
4016,#131,m1,No UV,17.64576383
2706,#009,m1,No UV,17.64698009
2800,#009,m1,No UV,17.64761213
11413,#970,m1,No UV,17.64766074
5596,#258,m1,No UV,17.64974932
11443,#970,m1,No UV,17.64994345
1776,#006,m1,No UV,17.65013755
7896,#282,m1,No UV,17.65372382
2790,#009,m1,No UV,17.65464318
10682,#317,m1,No UV,17.65551361
10056,#303,m1,No UV,17.65561029
6541,#263,m1,No UV,17.66159199
6418,#263,m1,No UV,17.66183266
8011,#282,m1,No UV,17.66274687
11513,#970,m1,No UV,17.66639793
9255,#291,m1,No UV,17.67157043
7965,#282,m1,No UV,17.67314723
9256,#291,m1,No UV,17.67381565
4053,#131,m1,No UV,17.6749608
2827,#009,m1,No UV,17.67701025
553,#003,m1,No UV,17.67758167
4046,#131,m1,No UV,17.67762928
3158,#009,m1,No UV,17.67839079
8073,#282,m1,No UV,17.68162277
1593,#006,m1,No UV,17.68209745
2559,#009,m1,No UV,17.68347314
9768,#303,m1,No UV,17.68498962
5779,#258,m1,No UV,17.68555789
4103,#131,m1,No UV,17.68574726
5593,#258,m1,No UV,17.68640987
593,#003,m1,No UV,17.68849039
11428,#970,m1,No UV,17.68976558
9087,#291,m1,No UV,17.69085097
8673,#289,m1,No UV,17.69151125
1652,#006,m1,No UV,17.69188841
5577,#258,m1,No UV,17.69480808
8778,#289,m1,No UV,17.69518438
1755,#006,m1,No UV,17.69551357
6504,#263,m1,No UV,17.69593669
12288,#974,m1,No UV,17.69819127
6266,#263,m1,No UV,17.70025488
5259,#258,m1,No UV,17.7038591
7937,#282,m1,No UV,17.70423305
10623,#317,m1,No UV,17.70456018
825,#003,m1,No UV,17.7051675
8817,#289,m1,No UV,17.70521421
8619,#289,m1,No UV,17.70554111
5331,#258,m1,No UV,17.70694129
3080,#009,m1,No UV,17.70764087
698,#003,m1,No UV,17.70768749
9187,#291,m1,No UV,17.70959788
1523,#006,m1,No UV,17.71327177
8749,#289,m1,No UV,17.71647296
6784,#263,m1,No UV,17.72040672
8621,#289,m1,No UV,17.72063779
482,#003,m1,No UV,17.72303866
9791,#303,m1,No UV,17.72345379
4051,#131,m1,No UV,17.72571186
477,#003,m1,No UV,17.72819625
5768,#258,m1,No UV,17.72833415
9917,#303,m1,No UV,17.73319804
5672,#258,m1,No UV,17.73448011
6214,#263,m1,No UV,17.73498347
5215,#258,m1,No UV,17.73512072
3727,#022,m1,No UV,17.73516647
10057,#303,m1,No UV,17.73895841
9877,#303,m1,No UV,17.74105568
3966,#022,m1,No UV,17.74173892
5519,#258,m1,No UV,17.74474131
10761,#317,m1,No UV,17.74537738
606,#003,m1,No UV,17.74769212
7104,#281,m1,No UV,17.74778282
12334,#974,m1,No UV,17.74932382
9176,#291,m1,No UV,17.75013898
5464,#258,m1,No UV,17.75018425
3753,#022,m1,No UV,17.75068216
10578,#317,m1,No UV,17.7511799
874,#003,m1,No UV,17.75330467
12456,#974,m1,No UV,17.75511052
6458,#263,m1,No UV,17.75619295
9089,#291,m1,No UV,17.75677892
2681,#009,m1,No UV,17.75808524
5260,#258,m1,No UV,17.75822031
9265,#291,m1,No UV,17.75880546
12447,#974,m1,No UV,17.75934539
7241,#281,m1,No UV,17.76123356
5452,#258,m1,No UV,17.76697278
3001,#009,m1,No UV,17.76804635
6224,#263,m1,No UV,17.76835933
3799,#022,m1,No UV,17.76947653
10571,#317,m1,No UV,17.76947653
8751,#289,m1,No UV,17.77014644
6270,#263,m1,No UV,17.77157454
10062,#303,m1,No UV,17.77206513
5710,#258,m1,No UV,17.77415938
5440,#258,m1,No UV,17.77607274
3693,#022,m1,No UV,17.7766507
3760,#022,m1,No UV,17.77736171
12581,#974,m1,No UV,17.7796701
8078,#282,m1,No UV,17.78055696
2651,#009,m1,No UV,17.78139897
10454,#317,m1,No UV,17.78789691
11680,#970,m1,No UV,17.79265232
5282,#258,m1,No UV,17.79357517
3006,#009,m1,No UV,17.79445352
8776,#289,m1,No UV,17.79993115
471,#003,m1,No UV,17.80098047
9898,#303,m1,No UV,17.80163592
8090,#282,m1,No UV,17.80255304
4112,#131,m1,No UV,17.80377496
8141,#282,m1,No UV,17.80399305
2643,#009,m1,No UV,17.80438553
2885,#009,m1,No UV,17.80503943
11559,#970,m1,No UV,17.80534448
9798,#303,m1,No UV,17.80739101
11823,#970,m1,No UV,17.8097822
12346,#974,m1,No UV,17.8105205
3168,#009,m1,No UV,17.81121502
11420,#970,m1,No UV,17.81121502
2957,#009,m1,No UV,17.81203933
5633,#258,m1,No UV,17.81260306
5509,#258,m1,No UV,17.81351324
8884,#289,m1,No UV,17.81502893
8715,#289,m1,No UV,17.81520205
10514,#317,m1,No UV,17.81783955
5636,#258,m1,No UV,17.81801234
12562,#974,m1,No UV,17.82021351
8707,#289,m1,No UV,17.82064472
1473,#006,m1,No UV,17.8210327
896,#003,m1,No UV,17.82426179
2818,#009,m1,No UV,17.82919908
10581,#317,m1,No UV,17.82919908
11608,#970,m1,No UV,17.82975614
8623,#289,m1,No UV,17.82997034
9196,#291,m1,No UV,17.83258101
12630,#974,m1,No UV,17.8329658
7103,#281,m1,No UV,17.83429037
12623,#974,m1,No UV,17.83608301
3176,#009,m1,No UV,17.8369785
3794,#022,m1,No UV,17.83736211
3795,#022,m1,No UV,17.83736211
3796,#022,m1,No UV,17.83736211
12583,#974,m1,No UV,17.8376178
5731,#258,m1,No UV,17.83893811
9082,#291,m1,No UV,17.84089505
8835,#289,m1,No UV,17.84187253
8082,#282,m1,No UV,17.84297671
8885,#289,m1,No UV,17.84713104
3145,#009,m1,No UV,17.8486964
4136,#131,m1,No UV,17.84941506
5288,#258,m1,No UV,17.85152667
8773,#289,m1,No UV,17.85270782
8622,#289,m1,No UV,17.85384588
12331,#974,m1,No UV,17.85540398
9787,#303,m1,No UV,17.85607723
2974,#009,m1,No UV,17.85653991
6445,#263,m1,No UV,17.85662402
11426,#970,m1,No UV,17.85725466
10556,#317,m1,No UV,17.85771697
883,#003,m1,No UV,17.85910298
3054,#009,m1,No UV,17.85990039
12632,#974,m1,No UV,17.86178722
11582,#970,m1,No UV,17.86316933
6824,#263,m1,No UV,17.86400633
1493,#006,m1,No UV,17.86467559
9976,#303,m1,No UV,17.86576246
5194,#258,m1,No UV,17.86776684
5648,#258,m1,No UV,17.86818407
8841,#289,m1,No UV,17.86914324
10663,#317,m1,No UV,17.86918492
672,#003,m1,No UV,17.87530008
11496,#970,m1,No UV,17.87687665
2707,#009,m1,No UV,17.87758141
848,#003,m1,No UV,17.87870002
10668,#317,m1,No UV,17.8792797
6700,#263,m1,No UV,17.88023152
12508,#974,m1,No UV,17.88134808
8821,#289,m1,No UV,17.88155475
9850,#303,m1,No UV,17.88283548
8142,#282,m1,No UV,17.88312452
941,#003,m1,No UV,17.88349605
5514,#258,m1,No UV,17.88366115
9258,#291,m1,No UV,17.88547596
9974,#303,m1,No UV,17.88687676
6392,#263,m1,No UV,17.88732967
4127,#131,m1,No UV,17.88930433
11343,#970,m1,No UV,17.88959207
5652,#258,m1,No UV,17.89111206
1782,#006,m1,No UV,17.89234331
11462,#970,m1,No UV,17.89598984
11345,#970,m1,No UV,17.89733959
8055,#282,m1,No UV,17.89905562
8692,#289,m1,No UV,17.89925978
10537,#317,m1,No UV,17.89995369
8013,#282,m1,No UV,17.90125896
9962,#303,m1,No UV,17.90252232
6570,#263,m1,No UV,17.90626514
5292,#258,m1,No UV,17.90853864
11505,#970,m1,No UV,17.91060603
8690,#289,m1,No UV,17.91084906
6546,#263,m1,No UV,17.91149693
10340,#317,m1,No UV,17.91206359
1519,#006,m1,No UV,17.91214452
7018,#281,m1,No UV,17.91356009
11379,#970,m1,No UV,17.91521658
3936,#022,m1,No UV,17.91872526
10584,#317,m1,No UV,17.92178336
8792,#289,m1,No UV,17.92218526
10703,#317,m1,No UV,17.9231092
2635,#009,m1,No UV,17.92467453
9878,#303,m1,No UV,17.92647858
8838,#289,m1,No UV,17.92723961
8816,#289,m1,No UV,17.92780011
4128,#131,m1,No UV,17.92860045
2637,#009,m1,No UV,17.93015984
5177,#258,m1,No UV,17.93179738
6282,#263,m1,No UV,17.9321566
10404,#317,m1,No UV,17.93399117
9773,#303,m1,No UV,17.93952065
10342,#317,m1,No UV,17.94479168
8071,#282,m1,No UV,17.94890001
549,#003,m1,No UV,17.94925499
7254,#281,m1,No UV,17.94984643
9774,#303,m1,No UV,17.94996469
11329,#970,m1,No UV,17.95067404
12434,#974,m1,No UV,17.95157992
5278,#258,m1,No UV,17.95488353
12204,#974,m1,No UV,17.95602231
6745,#263,m1,No UV,17.95649327
7938,#282,m1,No UV,17.95712097
10518,#317,m1,No UV,17.95845393
5767,#258,m1,No UV,17.95904161
9881,#303,m1,No UV,17.96529534
3902,#022,m1,No UV,17.96533434
9178,#291,m1,No UV,17.96556833
681,#003,m1,No UV,17.96638697
677,#003,m1,No UV,17.9725702
12565,#974,m1,No UV,17.9754002
9171,#291,m1,No UV,17.97953826
1787,#006,m1,No UV,17.98208481
9905,#303,m1,No UV,17.98785575
625,#003,m1,No UV,17.98996599
8088,#282,m1,No UV,17.99080922
9197,#291,m1,No UV,17.99146048
5592,#258,m1,No UV,17.99532363
11334,#970,m1,No UV,17.99540002
8012,#282,m1,No UV,17.99704151
10657,#317,m1,No UV,17.99997626
10456,#317,m1,No UV,18.00168861
4196,#131,m1,No UV,18.00294304
1791,#006,m1,No UV,18.00309502
11745,#970,m1,No UV,18.00548658
6286,#263,m1,No UV,18.00666192
7032,#281,m1,No UV,18.00806349
6453,#263,m1,No UV,18.00825279
10407,#317,m1,No UV,18.00912324
856,#003,m1,No UV,18.00916108
10764,#317,m1,No UV,18.00927457
1746,#006,m1,No UV,18.0098041
9169,#291,m1,No UV,18.0118825
11663,#970,m1,No UV,18.01633154
1841,#006,m1,No UV,18.01772376
5392,#258,m1,No UV,18.01772376
9789,#303,m1,No UV,18.02106712
7256,#281,m1,No UV,18.02125472
7100,#281,m1,No UV,18.02354147
575,#003,m1,No UV,18.02410323
3932,#022,m1,No UV,18.02421555
5473,#258,m1,No UV,18.02526351
7966,#282,m1,No UV,18.02903731
11425,#970,m1,No UV,18.03239181
3018,#009,m1,No UV,18.03915161
10543,#317,m1,No UV,18.04037391
8779,#289,m1,No UV,18.04540034
3853,#022,m1,No UV,18.04654362
9272,#291,m1,No UV,18.04694908
9854,#303,m1,No UV,18.04934268
9206,#291,m1,No UV,18.05136494
5414,#258,m1,No UV,18.0530541
11391,#970,m1,No UV,18.0531275
678,#003,m1,No UV,18.05400798
12243,#974,m1,No UV,18.05433802
10549,#317,m1,No UV,18.05470464
11816,#970,m1,No UV,18.05503452
8723,#289,m1,No UV,18.05803663
8839,#289,m1,No UV,18.05949881
4191,#131,m1,No UV,18.05957188
2886,#009,m1,No UV,18.0623458
8720,#289,m1,No UV,18.06241872
9964,#303,m1,No UV,18.06736906
9262,#291,m1,No UV,18.0694388
11511,#970,m1,No UV,18.07041816
4205,#131,m1,No UV,18.07067196
2822,#009,m1,No UV,18.0735332
6610,#263,m1,No UV,18.07537731
1596,#006,m1,No UV,18.07786855
3977,#022,m1,No UV,18.07790462
10547,#317,m1,No UV,18.07941888
5777,#258,m1,No UV,18.08021143
2652,#009,m1,No UV,18.08132747
6472,#263,m1,No UV,18.08352103
9735,#303,m1,No UV,18.08538832
846,#003,m1,No UV,18.08664379
12207,#974,m1,No UV,18.09090423
9254,#291,m1,No UV,18.09254775
2971,#009,m1,No UV,18.09411807
793,#003,m1,No UV,18.09707562
11498,#970,m1,No UV,18.09746713
2555,#009,m1,No UV,18.09814312
3973,#022,m1,No UV,18.10077293
728,#003,m1,No UV,18.10087944
5287,#258,m1,No UV,18.10169577
12203,#974,m1,No UV,18.10615969
5349,#258,m1,No UV,18.10845712
2792,#009,m1,No UV,18.11046878
9736,#303,m1,No UV,18.11071563
3827,#022,m1,No UV,18.11518692
3678,#022,m1,No UV,18.1170137
7109,#281,m1,No UV,18.11782096
12186,#974,m1,No UV,18.11887323
6337,#263,m1,No UV,18.11974953
11602,#970,m1,No UV,18.12118552
10005,#303,m1,No UV,18.12171052
5599,#258,m1,No UV,18.12262008
1486,#006,m1,No UV,18.12296976
2524,#009,m1,No UV,18.12485655
10412,#317,m1,No UV,18.12715928
813,#003,m1,No UV,18.12830926
1620,#006,m1,No UV,18.12855308
11437,#970,m1,No UV,18.1293191
2833,#009,m1,No UV,18.12945834
7942,#282,m1,No UV,18.13001513
7971,#282,m1,No UV,18.13060649
5262,#258,m1,No UV,18.13234439
12568,#974,m1,No UV,18.13470457
9895,#303,m1,No UV,18.13557131
8014,#282,m1,No UV,18.13643754
6634,#263,m1,No UV,18.13903309
6654,#263,m1,No UV,18.14034639
10501,#317,m1,No UV,18.1411407
597,#003,m1,No UV,18.14283148
9275,#291,m1,No UV,18.14345208
1830,#006,m1,No UV,18.14383121
8880,#289,m1,No UV,18.14396904
3780,#022,m1,No UV,18.14517458
2740,#009,m1,No UV,18.14686063
7185,#281,m1,No UV,18.14799503
861,#003,m1,No UV,18.14816683
2807,#009,m1,No UV,18.14936886
973,#003,m1,No UV,18.15032976
12700,#974,m1,No UV,18.15238669
11707,#970,m1,No UV,18.15307169
9852,#303,m1,No UV,18.15539823
480,#003,m1,No UV,18.15956294
5576,#258,m1,No UV,18.16099391
7240,#281,m1,No UV,18.16187904
1740,#006,m1,No UV,18.16249151
11562,#970,m1,No UV,18.16293368
2873,#009,m1,No UV,18.16514252
7945,#282,m1,No UV,18.1680598
2912,#009,m1,No UV,18.16944852
2876,#009,m1,No UV,18.17249225
7033,#281,m1,No UV,18.17303269
4203,#131,m1,No UV,18.17316777
10061,#303,m1,No UV,18.1735054
11568,#970,m1,No UV,18.17684377
5448,#258,m1,No UV,18.17906506
8713,#289,m1,No UV,18.18249125
5657,#258,m1,No UV,18.18322917
5341,#258,m1,No UV,18.18537369
4242,#131,m1,No UV,18.18968659
2556,#009,m1,No UV,18.1910213
10577,#317,m1,No UV,18.19108801
7090,#281,m1,No UV,18.1912881
6196,#263,m1,No UV,18.19285452
5594,#258,m1,No UV,18.19521761
9776,#303,m1,No UV,18.20036304
8143,#282,m1,No UV,18.20082689
3754,#022,m1,No UV,18.20182034
9770,#303,m1,No UV,18.20317696
7912,#282,m1,No UV,18.20964468
3886,#022,m1,No UV,18.20974345
12352,#974,m1,No UV,18.21142152
6267,#263,m1,No UV,18.21276914
5397,#258,m1,No UV,18.2138529
10012,#303,m1,No UV,18.21808161
1520,#006,m1,No UV,18.21857252
4229,#131,m1,No UV,18.21909597
3136,#009,m1,No UV,18.22321152
11348,#970,m1,No UV,18.22360286
5457,#258,m1,No UV,18.2238637
2942,#009,m1,No UV,18.224483
11674,#970,m1,No UV,18.22454818
10325,#317,m1,No UV,18.22480884
11700,#970,m1,No UV,18.22539517
689,#003,m1,No UV,18.22721779
6483,#263,m1,No UV,18.22780314
742,#003,m1,No UV,18.22825824
472,#003,m1,No UV,18.22955777
2641,#009,m1,No UV,18.23111565
5526,#258,m1,No UV,18.23114808
6283,#263,m1,No UV,18.2344853
546,#003,m1,No UV,18.23451766
7147,#281,m1,No UV,18.23878312
11335,#970,m1,No UV,18.23897671
9942,#303,m1,No UV,18.23910575
9102,#291,m1,No UV,18.24058891
6619,#263,m1,No UV,18.24071781
8717,#289,m1,No UV,18.2412655
12428,#974,m1,No UV,18.24194177
11447,#970,m1,No UV,18.24451514
10347,#317,m1,No UV,18.24878323
4220,#131,m1,No UV,18.25083256
10710,#317,m1,No UV,18.25255942
8834,#289,m1,No UV,18.25294289
10357,#317,m1,No UV,18.25740914
10658,#317,m1,No UV,18.25801421
4217,#131,m1,No UV,18.25868268
3730,#022,m1,No UV,18.25884179
9875,#303,m1,No UV,18.26259178
11779,#970,m1,No UV,18.26411441
2935,#009,m1,No UV,18.26512861
7918,#282,m1,No UV,18.26649031
12191,#974,m1,No UV,18.26724978
2725,#009,m1,No UV,18.26838822
799,#003,m1,No UV,18.27110421
9873,#303,m1,No UV,18.27246029
9887,#303,m1,No UV,18.27331113
7146,#281,m1,No UV,18.27337414
5770,#258,m1,No UV,18.27488544
10614,#317,m1,No UV,18.27488544
3187,#009,m1,No UV,18.27680377
3979,#022,m1,No UV,18.27686662
5176,#258,m1,No UV,18.27755782
10583,#317,m1,No UV,18.27774628
9110,#291,m1,No UV,18.28191732
9915,#303,m1,No UV,18.28479552
5689,#258,m1,No UV,18.28782393
481,#003,m1,No UV,18.28797986
8185,#282,m1,No UV,18.28966285
1786,#006,m1,No UV,18.29062813
8072,#282,m1,No UV,18.29473111
8137,#282,m1,No UV,18.29653025
10323,#317,m1,No UV,18.29857483
6410,#263,m1,No UV,18.29990534
6450,#263,m1,No UV,18.3026553
5214,#258,m1,No UV,18.3056773
1848,#006,m1,No UV,18.30598531
2615,#009,m1,No UV,18.30623168
8771,#289,m1,No UV,18.30706284
11605,#970,m1,No UV,18.30838555
4160,#131,m1,No UV,18.30955345
5661,#258,m1,No UV,18.32553213
12270,#974,m1,No UV,18.32729329
6269,#263,m1,No UV,18.32753604
9827,#303,m1,No UV,18.32753604
5193,#258,m1,No UV,18.33253368
12280,#974,m1,No UV,18.3344675
2811,#009,m1,No UV,18.33476943
1838,#006,m1,No UV,18.33618764
8646,#289,m1,No UV,18.33748393
1645,#006,m1,No UV,18.33793585
5550,#258,m1,No UV,18.33968194
9960,#303,m1,No UV,18.34676503
6291,#263,m1,No UV,18.35429012
1845,#006,m1,No UV,18.35768148
5467,#258,m1,No UV,18.35783004
12484,#974,m1,No UV,18.3580083
3819,#022,m1,No UV,18.36159838
6271,#263,m1,No UV,18.36281284
7183,#281,m1,No UV,18.36316809
8094,#282,m1,No UV,18.36721774
9904,#303,m1,No UV,18.36892878
5390,#258,m1,No UV,18.37060833
466,#003,m1,No UV,18.37063778
5325,#258,m1,No UV,18.37078501
1836,#006,m1,No UV,18.37225652
11774,#970,m1,No UV,18.37225652
11572,#970,m1,No UV,18.37557661
3767,#022,m1,No UV,18.37713119
5298,#258,m1,No UV,18.3773657
7020,#281,m1,No UV,18.37739501
2702,#009,m1,No UV,18.37856696
7970,#282,m1,No UV,18.38927536
1629,#006,m1,No UV,18.38956603
6406,#263,m1,No UV,18.39130884
7935,#282,m1,No UV,18.39342642
9876,#303,m1,No UV,18.39771007
10662,#317,m1,No UV,18.39794126
2887,#009,m1,No UV,18.39851907
2685,#009,m1,No UV,18.40102983
9172,#291,m1,No UV,18.40209631
10612,#317,m1,No UV,18.40428444
7019,#281,m1,No UV,18.40712979
12433,#974,m1,No UV,18.40712979
7114,#281,m1,No UV,18.40953964
4165,#131,m1,No UV,18.41065713
10599,#317,m1,No UV,18.41774304
10574,#317,m1,No UV,18.41831298
5613,#258,m1,No UV,18.41865483
9202,#291,m1,No UV,18.42010679
3931,#022,m1,No UV,18.42320511
5281,#258,m1,No UV,18.42598509
7150,#281,m1,No UV,18.42901427
4135,#131,m1,No UV,18.42941014
6393,#263,m1,No UV,18.43449025
5591,#258,m1,No UV,18.43716423
11455,#970,m1,No UV,18.44064704
6606,#263,m1,No UV,18.44179676
594,#003,m1,No UV,18.44269347
3850,#022,m1,No UV,18.4427495
3972,#022,m1,No UV,18.44409347
9085,#291,m1,No UV,18.44591143
5597,#258,m1,No UV,18.44621886
9980,#303,m1,No UV,18.44783877
1483,#006,m1,No UV,18.44903856
10715,#317,m1,No UV,18.44917801
3687,#022,m1,No UV,18.45227025
6553,#263,m1,No UV,18.454467
2798,#009,m1,No UV,18.46258536
10328,#317,m1,No UV,18.46454575
5359,#258,m1,No UV,18.46462852
2526,#009,m1,No UV,18.46520781
5346,#258,m1,No UV,18.46862365
12570,#974,m1,No UV,18.46884375
9831,#303,m1,No UV,18.47318384
12564,#974,m1,No UV,18.48324208
10408,#317,m1,No UV,18.48938457
1474,#006,m1,No UV,18.48989978
5472,#258,m1,No UV,18.49087547
3055,#009,m1,No UV,18.49160681
9860,#303,m1,No UV,18.49371748
5355,#258,m1,No UV,18.49838784
10611,#317,m1,No UV,18.50296253
5217,#258,m1,No UV,18.5108667
10767,#317,m1,No UV,18.5111606
5445,#258,m1,No UV,18.51118731
11349,#970,m1,No UV,18.51121402
4139,#131,m1,No UV,18.51313616
10469,#317,m1,No UV,18.51438951
6526,#263,m1,No UV,18.51941859
12429,#974,m1,No UV,18.5201887
699,#003,m1,No UV,18.52217846
12277,#974,m1,No UV,18.52350345
1478,#006,m1,No UV,18.52408606
6480,#263,m1,No UV,18.52604401
2793,#009,m1,No UV,18.52955637
8782,#289,m1,No UV,18.5374215
5478,#258,m1,No UV,18.53797229
9100,#291,m1,No UV,18.54667829
3058,#009,m1,No UV,18.54870996
9899,#303,m1,No UV,18.55310213
11500,#970,m1,No UV,18.55799829
617,#003,m1,No UV,18.56326445
6820,#263,m1,No UV,18.56671317
469,#003,m1,No UV,18.56673888
542,#003,m1,No UV,18.57271586
5428,#258,m1,No UV,18.5739441
4010,#022,m1,No UV,18.57575895
5190,#258,m1,No UV,18.57746947
3745,#022,m1,No UV,18.5792799
5639,#258,m1,No UV,18.57945827
8138,#282,m1,No UV,18.58006966
9907,#303,m1,No UV,18.58065533
3869,#022,m1,No UV,18.58360552
12627,#974,m1,No UV,18.58708205
12631,#974,m1,No UV,18.59095472
12504,#974,m1,No UV,18.59120747
11495,#970,m1,No UV,18.59166232
7964,#282,m1,No UV,18.59625328
6202,#263,m1,No UV,18.59761262
2719,#009,m1,No UV,18.59894555
10508,#317,m1,No UV,18.60062882
6265,#263,m1,No UV,18.60163282
10022,#303,m1,No UV,18.60611717
3849,#022,m1,No UV,18.60934029
3690,#022,m1,No UV,18.61016365
8645,#289,m1,No UV,18.6103133
8135,#282,m1,No UV,18.61797466
1574,#006,m1,No UV,18.61951197
6819,#263,m1,No UV,18.62544747
11702,#970,m1,No UV,18.62985852
2677,#009,m1,No UV,18.6336182
5516,#258,m1,No UV,18.63386359
11592,#970,m1,No UV,18.63584971
10507,#317,m1,No UV,18.6384447
2950,#009,m1,No UV,18.63930052
3718,#022,m1,No UV,18.64145004
6345,#263,m1,No UV,18.64164529
3045,#009,m1,No UV,18.64232847
2998,#009,m1,No UV,18.64513098
3668,#022,m1,No UV,18.6455448
3896,#022,m1,No UV,18.6459585
9856,#303,m1,No UV,18.64790375
3951,#022,m1,No UV,18.64819531
2966,#009,m1,No UV,18.65135013
3941,#022,m1,No UV,18.65137437
8618,#289,m1,No UV,18.66493381
8624,#289,m1,No UV,18.66618201
5771,#258,m1,No UV,18.66682968
11555,#970,m1,No UV,18.66826792
674,#003,m1,No UV,18.67801009
5329,#258,m1,No UV,18.67843838
7934,#282,m1,No UV,18.68057792
5395,#258,m1,No UV,18.6807442
8689,#289,m1,No UV,18.68290405
3802,#022,m1,No UV,18.68735593
12696,#974,m1,No UV,18.69509032
5324,#258,m1,No UV,18.69774533
680,#003,m1,No UV,18.70502737
8746,#289,m1,No UV,18.70537767
6276,#263,m1,No UV,18.70540102
10653,#317,m1,No UV,18.70687131
4207,#131,m1,No UV,18.70768749
4134,#131,m1,No UV,18.70850321
1742,#006,m1,No UV,18.70917875
7016,#281,m1,No UV,18.71501243
11330,#970,m1,No UV,18.71568492
9108,#291,m1,No UV,18.71663515
3676,#022,m1,No UV,18.71918147
12316,#974,m1,No UV,18.71922772
12317,#974,m1,No UV,18.71922772
6624,#263,m1,No UV,18.72216188
1526,#006,m1,No UV,18.72345379
3807,#022,m1,No UV,18.72801237
3968,#022,m1,No UV,18.72973535
8648,#289,m1,No UV,18.73285444
2557,#009,m1,No UV,18.73573818
5466,#258,m1,No UV,18.73763465
12561,#974,m1,No UV,18.74494579
8755,#289,m1,No UV,18.74587695
5698,#258,m1,No UV,18.74664867
3862,#022,m1,No UV,18.74673944
5453,#258,m1,No UV,18.75070479
5413,#258,m1,No UV,18.75465927
5578,#258,m1,No UV,18.75589987
5323,#258,m1,No UV,18.75898546
3863,#022,m1,No UV,18.76455433
7266,#281,m1,No UV,18.76813578
10754,#317,m1,No UV,18.77121765
11417,#970,m1,No UV,18.7713738
3887,#022,m1,No UV,18.77188675
9921,#303,m1,No UV,18.77213201
9739,#303,m1,No UV,18.77233265
10575,#317,m1,No UV,18.77293439
3140,#009,m1,No UV,18.77613944
5651,#258,m1,No UV,18.7807121
605,#003,m1,No UV,18.78427581
9911,#303,m1,No UV,18.78930755
1806,#006,m1,No UV,18.79084887
5511,#258,m1,No UV,18.79245449
796,#003,m1,No UV,18.79366303
6611,#263,m1,No UV,18.79383873
885,#003,m1,No UV,18.79416812
7145,#281,m1,No UV,18.79925305
6696,#263,m1,No UV,18.80712991
10059,#303,m1,No UV,18.8096736
12483,#974,m1,No UV,18.81023826
3067,#009,m1,No UV,18.81056392
8833,#289,m1,No UV,18.81505057
3662,#022,m1,No UV,18.81576454
1479,#006,m1,No UV,18.82482077
12506,#974,m1,No UV,18.82759095
9802,#303,m1,No UV,18.82763386
5172,#258,m1,No UV,18.83627495
6561,#263,m1,No UV,18.83757519
6562,#263,m1,No UV,18.83757519
3937,#022,m1,No UV,18.8387891
11570,#970,m1,No UV,18.8387891
12193,#974,m1,No UV,18.84236102
12189,#974,m1,No UV,18.84386793
866,#003,m1,No UV,18.85023895
845,#003,m1,No UV,18.85224391
2814,#009,m1,No UV,18.85249697
12332,#974,m1,No UV,18.85975353
3679,#022,m1,No UV,18.8599843
5571,#258,m1,No UV,18.86019406
734,#003,m1,No UV,18.86645178
2785,#009,m1,No UV,18.86851776
2863,#009,m1,No UV,18.86953923
3050,#009,m1,No UV,18.8786586
5441,#258,m1,No UV,18.88665025
4031,#131,m1,No UV,18.89131734
12697,#974,m1,No UV,18.89146102
6623,#263,m1,No UV,18.90136089
11640,#970,m1,No UV,18.90280744
11595,#970,m1,No UV,18.90524903
3943,#022,m1,No UV,18.90571653
8823,#289,m1,No UV,18.90663077
470,#003,m1,No UV,18.90754443
2898,#009,m1,No UV,18.90993749
5635,#258,m1,No UV,18.91204335
3121,#009,m1,No UV,18.91295359
8883,#289,m1,No UV,18.91459057
2541,#009,m1,No UV,18.91957091
7107,#281,m1,No UV,18.9238118
943,#003,m1,No UV,18.92559688
7111,#281,m1,No UV,18.92944033
10416,#317,m1,No UV,18.93715631
688,#003,m1,No UV,18.94257465
3809,#022,m1,No UV,18.9447719
11560,#970,m1,No UV,18.94923527
3720,#022,m1,No UV,18.95451029
10672,#317,m1,No UV,18.95857148
10413,#317,m1,No UV,18.95976608
11384,#970,m1,No UV,18.96068584
12512,#974,m1,No UV,18.96117483
3188,#009,m1,No UV,18.96437852
8625,#289,m1,No UV,18.96712724
8037,#282,m1,No UV,18.97055093
2727,#009,m1,No UV,18.97317156
548,#003,m1,No UV,18.98287487
696,#003,m1,No UV,18.99345072
8812,#289,m1,No UV,18.99455947
8785,#289,m1,No UV,18.99520903
2970,#009,m1,No UV,18.99597284
3768,#022,m1,No UV,19.00071853
3138,#009,m1,No UV,19.0048606
3163,#009,m1,No UV,19.00510723
11649,#970,m1,No UV,19.00567621
8647,#289,m1,No UV,19.0063966
11579,#970,m1,No UV,19.00658612
2631,#009,m1,No UV,19.00700297
11430,#970,m1,No UV,19.01358079
6328,#263,m1,No UV,19.01422184
8881,#289,m1,No UV,19.0175357
5412,#258,m1,No UV,19.01890797
2786,#009,m1,No UV,19.02179862
2787,#009,m1,No UV,19.02179862
5694,#258,m1,No UV,19.02372874
1826,#006,m1,No UV,19.03071554
8134,#282,m1,No UV,19.03157254
11810,#970,m1,No UV,19.03203809
10345,#317,m1,No UV,19.03473533
473,#003,m1,No UV,19.036277
3732,#022,m1,No UV,19.03733478
9794,#303,m1,No UV,19.03878102
8894,#289,m1,No UV,19.04017026
10768,#317,m1,No UV,19.04384992
7941,#282,m1,No UV,19.05005999
3724,#022,m1,No UV,19.05354946
10324,#317,m1,No UV,19.06504161
6319,#263,m1,No UV,19.07320752
6320,#263,m1,No UV,19.07320752
12491,#974,m1,No UV,19.07532311
8119,#282,m1,No UV,19.07828334
5268,#258,m1,No UV,19.08012139
618,#003,m1,No UV,19.08247861
2975,#009,m1,No UV,19.08682305
10602,#317,m1,No UV,19.0944034
736,#003,m1,No UV,19.0947065
3731,#022,m1,No UV,19.09885435
12652,#974,m1,No UV,19.10103919
4017,#131,m1,No UV,19.10364601
11756,#970,m1,No UV,19.10699072
9863,#303,m1,No UV,19.10734421
2878,#009,m1,No UV,19.10861604
10480,#317,m1,No UV,19.11036297
3139,#009,m1,No UV,19.12200794
11654,#970,m1,No UV,19.12253265
11514,#970,m1,No UV,19.13466989
550,#003,m1,No UV,19.13875645
11652,#970,m1,No UV,19.14403796
11653,#970,m1,No UV,19.14403796
3855,#022,m1,No UV,19.1453295
2653,#009,m1,No UV,19.14742794
11655,#970,m1,No UV,19.14928303
9101,#291,m1,No UV,19.15267785
12322,#974,m1,No UV,19.15780635
3142,#009,m1,No UV,19.1670089
9793,#303,m1,No UV,19.17433228
1696,#006,m1,No UV,19.17541158
2888,#009,m1,No UV,19.17679324
865,#003,m1,No UV,19.17867826
11644,#970,m1,No UV,19.18071199
2969,#009,m1,No UV,19.18590933
2801,#009,m1,No UV,19.1881
9979,#303,m1,No UV,19.18905216
5171,#258,m1,No UV,19.18960313
9193,#291,m1,No UV,19.19078782
1794,#006,m1,No UV,19.19117138
12642,#974,m1,No UV,19.19223815
1477,#006,m1,No UV,19.19325419
4013,#131,m1,No UV,19.19812454
6475,#263,m1,No UV,19.20440013
5328,#258,m1,No UV,19.20524252
5786,#258,m1,No UV,19.20936479
2797,#009,m1,No UV,19.20938126
5212,#258,m1,No UV,19.21370516
3836,#022,m1,No UV,19.22249378
11698,#970,m1,No UV,19.22516718
9224,#291,m1,No UV,19.22519976
11558,#970,m1,No UV,19.22725031
12599,#974,m1,No UV,19.23135891
11607,#970,m1,No UV,19.23229916
10506,#317,m1,No UV,19.23587622
8617,#289,m1,No UV,19.23987976
9083,#291,m1,No UV,19.24147485
8686,#289,m1,No UV,19.24602485
6187,#263,m1,No UV,19.24705184
5573,#258,m1,No UV,19.2498723
3844,#022,m1,No UV,19.25514584
3680,#022,m1,No UV,19.25731358
1640,#006,m1,No UV,19.25860312
9260,#291,m1,No UV,19.26051142
2545,#009,m1,No UV,19.26287739
8089,#282,m1,No UV,19.27532594
8139,#282,m1,No UV,19.2767252
5272,#258,m1,No UV,19.28259046
11504,#970,m1,No UV,19.28445169
8670,#289,m1,No UV,19.28526425
2738,#009,m1,No UV,19.28601389
8747,#289,m1,No UV,19.29730505
12206,#974,m1,No UV,19.307109
847,#003,m1,No UV,19.31110407
6687,#263,m1,No UV,19.31142626
6688,#263,m1,No UV,19.31142626
10409,#317,m1,No UV,19.3139553
2788,#009,m1,No UV,19.32879465
3800,#022,m1,No UV,19.33269997
5764,#258,m1,No UV,19.33282089
488,#003,m1,No UV,19.33306272
11581,#970,m1,No UV,19.33568992
3096,#009,m1,No UV,19.34830609
3965,#022,m1,No UV,19.35275544
11435,#970,m1,No UV,19.35927029
8882,#289,m1,No UV,19.3828219
543,#003,m1,No UV,19.38330363
3673,#022,m1,No UV,19.38349335
9894,#303,m1,No UV,19.39400603
10580,#317,m1,No UV,19.39610519
5360,#258,m1,No UV,19.39844685
2965,#009,m1,No UV,19.41022743
9855,#303,m1,No UV,19.42037709
884,#003,m1,No UV,19.44491883
11340,#970,m1,No UV,19.44755961
3888,#022,m1,No UV,19.45891974
4012,#131,m1,No UV,19.46675145
6716,#263,m1,No UV,19.47685447
3672,#022,m1,No UV,19.48495699
6763,#263,m1,No UV,19.49204002
3933,#022,m1,No UV,19.4936634
800,#003,m1,No UV,19.49712051
801,#003,m1,No UV,19.49712051
9965,#303,m1,No UV,19.50305656
5326,#258,m1,No UV,19.50848661
9828,#303,m1,No UV,19.51083998
8783,#289,m1,No UV,19.51466936
3927,#022,m1,No UV,19.52140942
604,#003,m1,No UV,19.52658595
5773,#258,m1,No UV,19.53182298
7903,#282,m1,No UV,19.55710578
798,#003,m1,No UV,19.56229785
5712,#258,m1,No UV,19.56840877
858,#003,m1,No UV,19.57814546
5189,#258,m1,No UV,19.57956019
5507,#258,m1,No UV,19.57971305
9253,#291,m1,No UV,19.58208031
9765,#303,m1,No UV,19.59520772
8616,#289,m1,No UV,19.61444753
6708,#263,m1,No UV,19.61870633
6709,#263,m1,No UV,19.61870633
9079,#291,m1,No UV,19.6234099
10536,#317,m1,No UV,19.63069485
2726,#009,m1,No UV,19.64513098
863,#003,m1,No UV,19.65303391
737,#003,m1,No UV,19.67021923
9786,#303,m1,No UV,19.68789964
2990,#009,m1,No UV,19.69250109
11380,#970,m1,No UV,19.69376098
2799,#009,m1,No UV,19.70783902
10598,#317,m1,No UV,19.71627599
10455,#317,m1,No UV,19.71904269
10661,#317,m1,No UV,19.73002231
9191,#291,m1,No UV,19.75817529
10021,#303,m1,No UV,19.76951004
4184,#131,m1,No UV,19.78621997
474,#003,m1,No UV,19.79308086
10006,#303,m1,No UV,19.79490347
10757,#317,m1,No UV,19.79675666
8748,#289,m1,No UV,19.80317504
3729,#022,m1,No UV,19.81095462
10457,#317,m1,No UV,19.82022429
6469,#263,m1,No UV,19.82571253
9252,#291,m1,No UV,19.83276273
10330,#317,m1,No UV,19.84530969
10331,#317,m1,No UV,19.84530969
2862,#009,m1,No UV,19.84835809
9961,#303,m1,No UV,19.8490135
12624,#974,m1,No UV,19.85016503
11561,#970,m1,No UV,19.85533032
12330,#974,m1,No UV,19.86667104
2959,#009,m1,No UV,19.87989018
4186,#131,m1,No UV,19.88632072
5463,#258,m1,No UV,19.88811162
3751,#022,m1,No UV,19.89245612
540,#003,m1,No UV,19.90097353
9084,#291,m1,No UV,19.90732114
1501,#006,m1,No UV,19.91019076
2522,#009,m1,No UV,19.92021488
8744,#289,m1,No UV,19.92482495
11427,#970,m1,No UV,19.92715952
4132,#131,m1,No UV,19.92727965
5405,#258,m1,No UV,19.93491754
3000,#009,m1,No UV,19.93774279
2528,#009,m1,No UV,19.94165318
2525,#009,m1,No UV,19.94324804
3851,#022,m1,No UV,19.94982672
9090,#291,m1,No UV,19.97012341
3749,#022,m1,No UV,19.97340427
3970,#022,m1,No UV,19.98549245
12626,#974,m1,No UV,19.9955528
3663,#022,m1,No UV,19.9973753
4098,#131,m1,No UV,20.00289555
2531,#009,m1,No UV,20.00885838
5173,#258,m1,No UV,20.02153607
3950,#022,m1,No UV,20.03925351
10025,#303,m1,No UV,20.03995733
9772,#303,m1,No UV,20.04184484
2533,#009,m1,No UV,20.05108934
3885,#022,m1,No UV,20.05405382
9182,#291,m1,No UV,20.06144303
2980,#009,m1,No UV,20.07363269
7936,#282,m1,No UV,20.08254153
10509,#317,m1,No UV,20.0847871
10510,#317,m1,No UV,20.0847871
11571,#970,m1,No UV,20.10345996
4164,#131,m1,No UV,20.10448734
12571,#974,m1,No UV,20.10699072
2720,#009,m1,No UV,20.11467712
854,#003,m1,No UV,20.11618842
10329,#317,m1,No UV,20.15232674
9908,#303,m1,No UV,20.15744795
9909,#303,m1,No UV,20.15744795
10538,#317,m1,No UV,20.1669326
10539,#317,m1,No UV,20.1669326
10540,#317,m1,No UV,20.1669326
4208,#131,m1,No UV,20.17715529
9874,#303,m1,No UV,20.17860257
9738,#303,m1,No UV,20.22299949
11438,#970,m1,No UV,20.24326119
2894,#009,m1,No UV,20.24652239
8620,#289,m1,No UV,20.27212139
11563,#970,m1,No UV,20.27615151
2802,#009,m1,No UV,20.28052309
5401,#258,m1,No UV,20.28738723
11499,#970,m1,No UV,20.28841638
11557,#970,m1,No UV,20.29259559
8814,#289,m1,No UV,20.33730312
608,#003,m1,No UV,20.3495766
2708,#009,m1,No UV,20.35018157
9851,#303,m1,No UV,20.36641315
10341,#317,m1,No UV,20.37269033
10458,#317,m1,No UV,20.41564661
10459,#317,m1,No UV,20.41564661
3930,#022,m1,No UV,20.42654469
11419,#970,m1,No UV,20.42669341
3842,#022,m1,No UV,20.45000743
3759,#022,m1,No UV,20.46311713
3982,#022,m1,No UV,20.48563016
8714,#289,m1,No UV,20.53767069
2532,#009,m1,No UV,20.57423181
9250,#291,m1,No UV,20.57792867
2632,#009,m1,No UV,20.58981045
2633,#009,m1,No UV,20.58981045
2634,#009,m1,No UV,20.58981045
2874,#009,m1,No UV,20.58992429
3733,#022,m1,No UV,20.59480441
8710,#289,m1,No UV,20.6248365
8711,#289,m1,No UV,20.6248365
8712,#289,m1,No UV,20.6248365
3805,#022,m1,No UV,20.71979423
3692,#022,m1,No UV,20.76178943
3725,#022,m1,No UV,20.78775356
3750,#022,m1,No UV,20.83089639
3967,#022,m1,No UV,20.84308284
7895,#282,m1,No UV,20.84492819
10595,#317,m1,No UV,20.84763362
3911,#022,m1,No UV,20.8596119
3858,#022,m1,No UV,20.87567363
3684,#022,m1,No UV,20.94224279
11429,#970,m1,No UV,20.97989061
1795,#006,m1,No UV,20.99546686
3935,#022,m1,No UV,21.0105366
7898,#282,m1,No UV,21.15395313
7899,#282,m1,No UV,21.15395313
3665,#022,m1,No UV,21.16340972
2810,#009,m1,No UV,21.22434042
3803,#022,m1,No UV,21.23254223
3804,#022,m1,No UV,21.23254223
2710,#009,m1,No UV,21.30302954
3928,#022,m1,No UV,21.36021607
3717,#022,m1,No UV,21.42382256
3929,#022,m1,No UV,21.43762113
2699,#009,m1,No UV,21.61347108
3752,#022,m1,No UV,21.92181602
3837,#022,m1,No UV,22.23045862
2716,#009,m1,No UV,22.23356874
2703,#009,m1,No UV,23.16603253
2704,#009,m1,No UV,23.16603253
2705,#009,m1,No UV,23.16603253
80,#003,m1,UV,8.697299256
10946,#970,m1,UV,8.856497851
7362,#282,m1,UV,9.057195203
9505,#303,m1,UV,9.584824527
1461,#006,m1,UV,9.990081007
4837,#258,m1,UV,10.50465418
4971,#258,m1,UV,11.3903215
1228,#006,m1,UV,11.55528025
2089,#009,m1,UV,12.31004491
1341,#006,m1,UV,12.75619295
1950,#009,m1,UV,12.75619295
3253,#022,m1,UV,12.75619295
10883,#970,m1,UV,12.75619295
3541,#022,m1,UV,12.75763492
4583,#258,m1,UV,12.75763492
1375,#006,m1,UV,12.75907545
1934,#009,m1,UV,12.76051455
11328,#970,m1,UV,12.76051455
5885,#263,m1,UV,12.76338845
6146,#263,m1,UV,12.76338845
10248,#317,m1,UV,12.76338845
11226,#970,m1,UV,12.76338845
7747,#282,m1,UV,12.76482325
252,#003,m1,UV,12.76768858
2370,#009,m1,UV,12.76911912
8597,#289,m1,UV,12.76911912
2511,#009,m1,UV,12.77054824
3661,#022,m1,UV,12.77054824
6148,#263,m1,UV,12.77054824
8487,#289,m1,UV,12.77054824
10884,#970,m1,UV,12.77054824
3615,#022,m1,UV,12.77197594
7058,#281,m1,UV,12.77197594
11991,#974,m1,UV,12.77197594
4496,#131,m1,UV,12.77340224
2433,#009,m1,UV,12.77482712
4835,#258,m1,UV,12.77767267
21,#003,m1,UV,12.77909335
4384,#131,m1,UV,12.77909335
9377,#303,m1,UV,12.78193051
10106,#317,m1,UV,12.78193051
2239,#009,m1,UV,12.783347
7141,#281,m1,UV,12.783347
9075,#291,m1,UV,12.783347
9721,#303,m1,UV,12.783347
456,#003,m1,UV,12.7847621
1035,#006,m1,UV,12.7847621
11917,#974,m1,UV,12.78758814
5922,#263,m1,UV,12.79040866
2147,#009,m1,UV,12.79181686
4689,#258,m1,UV,12.79181686
2094,#009,m1,UV,12.79462913
4535,#131,m1,UV,12.79462913
8499,#289,m1,UV,12.79462913
1397,#006,m1,UV,12.79603321
10293,#317,m1,UV,12.79603321
6914,#281,m1,UV,12.79743593
2015,#009,m1,UV,12.79883728
10985,#970,m1,UV,12.79883728
2418,#009,m1,UV,12.80023728
3405,#022,m1,UV,12.80023728
189,#003,m1,UV,12.8030332
2321,#009,m1,UV,12.80442913
11863,#974,m1,UV,12.80582371
2092,#009,m1,UV,12.80721695
1453,#006,m1,UV,12.80860884
8344,#289,m1,UV,12.80860884
4585,#258,m1,UV,12.80999939
4832,#258,m1,UV,12.80999939
1293,#006,m1,UV,12.8113886
4338,#131,m1,UV,12.8113886
5110,#258,m1,UV,12.8113886
7653,#282,m1,UV,12.8113886
11003,#970,m1,UV,12.81277647
6173,#263,m1,UV,12.81416301
7308,#282,m1,UV,12.81554822
7634,#282,m1,UV,12.81554822
4569,#258,m1,UV,12.8169321
9541,#303,m1,UV,12.8169321
8988,#291,m1,UV,12.81831466
2091,#009,m1,UV,12.81969589
2333,#009,m1,UV,12.81969589
4629,#258,m1,UV,12.81969589
8341,#289,m1,UV,12.81969589
2335,#009,m1,UV,12.8210758
4357,#131,m1,UV,12.8210758
10879,#970,m1,UV,12.82245439
3579,#022,m1,UV,12.82520762
2023,#009,m1,UV,12.82658227
9493,#303,m1,UV,12.82658227
4696,#258,m1,UV,12.82795562
4519,#131,m1,UV,12.83206781
7663,#282,m1,UV,12.83206781
2161,#009,m1,UV,12.83480278
2255,#009,m1,UV,12.83616832
4418,#131,m1,UV,12.83616832
3273,#022,m1,UV,12.83753257
3252,#022,m1,UV,12.83889554
8544,#289,m1,UV,12.83889554
324,#003,m1,UV,12.84025721
3573,#022,m1,UV,12.8416176
5169,#258,m1,UV,12.8416176
10098,#317,m1,UV,12.8416176
7060,#281,m1,UV,12.84297671
7589,#282,m1,UV,12.84297671
9533,#303,m1,UV,12.84433454
7490,#282,m1,UV,12.8456911
242,#003,m1,UV,12.84704638
8408,#289,m1,UV,12.84704638
329,#003,m1,UV,12.84975312
3410,#022,m1,UV,12.84975312
11254,#970,m1,UV,12.84975312
12142,#974,m1,UV,12.84975312
4531,#131,m1,UV,12.85110459
10939,#970,m1,UV,12.85110459
279,#003,m1,UV,12.8524548
5106,#258,m1,UV,12.8524548
7894,#282,m1,UV,12.8524548
9491,#303,m1,UV,12.8524548
7320,#282,m1,UV,12.85380374
7860,#282,m1,UV,12.85380374
1383,#006,m1,UV,12.85515143
10128,#317,m1,UV,12.85649785
4490,#131,m1,UV,12.85784302
9581,#303,m1,UV,12.85784302
1440,#006,m1,UV,12.85918694
4277,#131,m1,UV,12.85918694
9584,#303,m1,UV,12.85918694
6038,#263,m1,UV,12.86052961
12144,#974,m1,UV,12.86052961
6912,#281,m1,UV,12.86187102
7658,#282,m1,UV,12.86187102
4632,#258,m1,UV,12.8632112
7753,#282,m1,UV,12.8632112
11188,#970,m1,UV,12.8632112
3567,#022,m1,UV,12.86455012
9028,#291,m1,UV,12.86588781
4965,#258,m1,UV,12.86989345
1158,#006,m1,UV,12.87122619
4762,#258,m1,UV,12.87122619
11970,#974,m1,UV,12.87122619
5987,#263,m1,UV,12.87388799
2102,#009,m1,UV,12.87521705
4537,#131,m1,UV,12.87521705
6894,#281,m1,UV,12.87521705
2330,#009,m1,UV,12.8791969
4970,#258,m1,UV,12.8791969
5014,#258,m1,UV,12.8831658
11921,#974,m1,UV,12.8831658
2087,#009,m1,UV,12.88580568
1171,#006,m1,UV,12.88844074
5884,#263,m1,UV,12.88844074
11042,#970,m1,UV,12.88844074
8270,#289,m1,UV,12.88975647
9485,#303,m1,UV,12.88975647
8234,#289,m1,UV,12.891071
12135,#974,m1,UV,12.891071
117,#003,m1,UV,12.89238433
4427,#131,m1,UV,12.89238433
12044,#974,m1,UV,12.89369647
191,#003,m1,UV,12.89500742
2513,#009,m1,UV,12.89500742
10998,#970,m1,UV,12.89631717
4703,#258,m1,UV,12.89762574
3446,#022,m1,UV,12.89893312
4574,#258,m1,UV,12.90023932
11884,#974,m1,UV,12.90023932
4532,#131,m1,UV,12.90415083
5039,#258,m1,UV,12.90415083
3592,#022,m1,UV,12.90545231
4702,#258,m1,UV,12.90545231
4422,#131,m1,UV,12.90675262
5033,#258,m1,UV,12.90675262
10127,#317,m1,UV,12.90805176
1,#003,m1,UV,12.91064654
265,#003,m1,UV,12.91194218
1441,#006,m1,UV,12.91194218
1918,#009,m1,UV,12.91194218
8614,#289,m1,UV,12.91323666
11265,#970,m1,UV,12.91323666
2093,#009,m1,UV,12.91452997
3434,#022,m1,UV,12.91582213
5167,#258,m1,UV,12.91711313
7012,#281,m1,UV,12.91711313
8384,#289,m1,UV,12.91711313
8462,#289,m1,UV,12.91969168
9592,#303,m1,UV,12.91969168
1469,#006,m1,UV,12.92097922
6069,#263,m1,UV,12.92097922
5107,#258,m1,UV,12.92355087
1031,#006,m1,UV,12.92611795
4300,#131,m1,UV,12.92611795
11918,#974,m1,UV,12.92739977
3594,#022,m1,UV,12.92868046
11007,#970,m1,UV,12.93251572
4676,#258,m1,UV,12.93379188
5989,#263,m1,UV,12.93379188
4356,#131,m1,UV,12.93761359
12180,#974,m1,UV,12.93761359
11993,#974,m1,UV,12.94015578
7540,#282,m1,UV,12.9414252
7858,#282,m1,UV,12.9414252
4346,#131,m1,UV,12.9426935
1409,#006,m1,UV,12.94396069
2078,#009,m1,UV,12.94522677
3562,#022,m1,UV,12.94522677
7144,#281,m1,UV,12.94522677
7524,#282,m1,UV,12.9477556
8314,#289,m1,UV,12.9477556
3235,#022,m1,UV,12.95028
7329,#282,m1,UV,12.95028
7587,#282,m1,UV,12.95028
11310,#970,m1,UV,12.95028
10082,#317,m1,UV,12.95154054
9542,#303,m1,UV,12.95279999
11185,#970,m1,UV,12.95531559
11238,#970,m1,UV,12.95531559
3257,#022,m1,UV,12.95657174
147,#003,m1,UV,12.95782681
4530,#131,m1,UV,12.95782681
9443,#303,m1,UV,12.95782681
408,#003,m1,UV,12.95908078
186,#003,m1,UV,12.96033366
6015,#263,m1,UV,12.96033366
2013,#009,m1,UV,12.96158546
4254,#131,m1,UV,12.96158546
4290,#131,m1,UV,12.96158546
7744,#282,m1,UV,12.96158546
12031,#974,m1,UV,12.96158546
11130,#970,m1,UV,12.96658181
143,#003,m1,UV,12.96907351
10320,#317,m1,UV,12.97404404
7646,#282,m1,UV,12.975284
5109,#258,m1,UV,12.9765229
7013,#281,m1,UV,12.9765229
6016,#263,m1,UV,12.97776073
6096,#263,m1,UV,12.97899751
4672,#258,m1,UV,12.98146788
4580,#258,m1,UV,12.98270148
7799,#282,m1,UV,12.98270148
1165,#006,m1,UV,12.98516552
3603,#022,m1,UV,12.98639596
9658,#303,m1,UV,12.9888537
10153,#317,m1,UV,12.9888537
3516,#022,m1,UV,12.99008101
10249,#317,m1,UV,12.99253249
2419,#009,m1,UV,12.99375666
11119,#970,m1,UV,12.99620191
8374,#289,m1,UV,12.99864302
4458,#131,m1,UV,13.00108001
274,#003,m1,UV,13.00229696
4523,#131,m1,UV,13.00351288
4606,#258,m1,UV,13.00472778
4497,#131,m1,UV,13.00594166
9502,#303,m1,UV,13.00594166
243,#003,m1,UV,13.00715452
3503,#022,m1,UV,13.00715452
8240,#289,m1,UV,13.00715452
4257,#131,m1,UV,13.00957718
9544,#303,m1,UV,13.00957718
1138,#006,m1,UV,13.01078699
4582,#258,m1,UV,13.01078699
7839,#282,m1,UV,13.01078699
4408,#131,m1,UV,13.01199578
9496,#303,m1,UV,13.01199578
409,#003,m1,UV,13.01320356
2428,#009,m1,UV,13.01320356
11944,#974,m1,UV,13.01320356
11291,#970,m1,UV,13.0156161
1350,#006,m1,UV,13.01682085
11996,#974,m1,UV,13.0180246
5919,#263,m1,UV,13.01922735
2249,#009,m1,UV,13.02282959
6122,#263,m1,UV,13.02402834
2003,#009,m1,UV,13.0288134
5849,#263,m1,UV,13.0288134
5164,#258,m1,UV,13.03000719
5864,#263,m1,UV,13.03239181
6032,#263,m1,UV,13.03239181
6181,#263,m1,UV,13.03358264
5170,#258,m1,UV,13.0347725
4700,#258,m1,UV,13.03596137
33,#003,m1,UV,13.03714926
7085,#281,m1,UV,13.03714926
6180,#263,m1,UV,13.04070708
3437,#022,m1,UV,13.04189107
3586,#022,m1,UV,13.04189107
4839,#258,m1,UV,13.04307409
8498,#289,m1,UV,13.04425615
1101,#006,m1,UV,13.04661735
7762,#282,m1,UV,13.04661735
1153,#006,m1,UV,13.0489747
4754,#258,m1,UV,13.0489747
10945,#970,m1,UV,13.0489747
6147,#263,m1,UV,13.05015193
6111,#263,m1,UV,13.05367786
3270,#022,m1,UV,13.05602371
6071,#263,m1,UV,13.05602371
7662,#282,m1,UV,13.05602371
2390,#009,m1,UV,13.0571952
5838,#263,m1,UV,13.06070399
3508,#022,m1,UV,13.06187169
4481,#131,m1,UV,13.06187169
10999,#970,m1,UV,13.06187169
39,#003,m1,UV,13.06420426
11997,#974,m1,UV,13.06536913
9734,#303,m1,UV,13.06653307
1335,#006,m1,UV,13.06769606
5880,#263,m1,UV,13.06769606
3593,#022,m1,UV,13.06885812
8965,#291,m1,UV,13.06885812
7586,#282,m1,UV,13.07001924
8612,#289,m1,UV,13.07001924
4888,#258,m1,UV,13.07117943
5961,#263,m1,UV,13.07349701
37,#003,m1,UV,13.07465441
1396,#006,m1,UV,13.07812104
3520,#022,m1,UV,13.07927474
7638,#282,m1,UV,13.07927474
1041,#006,m1,UV,13.08273029
4753,#258,m1,UV,13.08502941
4450,#131,m1,UV,13.08732487
4695,#258,m1,UV,13.08732487
5021,#258,m1,UV,13.08732487
11327,#970,m1,UV,13.08732487
5840,#263,m1,UV,13.08961668
11879,#974,m1,UV,13.08961668
3291,#022,m1,UV,13.09190486
10899,#970,m1,UV,13.09304759
3511,#022,m1,UV,13.09874769
3643,#022,m1,UV,13.09988502
7328,#282,m1,UV,13.09988502
4949,#258,m1,UV,13.10102144
11303,#970,m1,UV,13.10102144
7891,#282,m1,UV,13.10215698
10135,#317,m1,UV,13.10215698
6882,#281,m1,UV,13.11008078
7665,#282,m1,UV,13.11008078
7838,#282,m1,UV,13.11008078
283,#003,m1,UV,13.11120921
4945,#258,m1,UV,13.11120921
254,#003,m1,UV,13.11233676
5878,#263,m1,UV,13.11571412
263,#003,m1,UV,13.11796131
378,#003,m1,UV,13.11796131
4833,#258,m1,UV,13.11796131
7317,#282,m1,UV,13.11796131
4392,#131,m1,UV,13.11908359
188,#003,m1,UV,13.12132554
8335,#289,m1,UV,13.12132554
10164,#317,m1,UV,13.12244521
267,#003,m1,UV,13.12356401
4625,#258,m1,UV,13.12356401
8381,#289,m1,UV,13.12356401
12039,#974,m1,UV,13.12356401
6097,#263,m1,UV,13.12579902
7759,#282,m1,UV,13.12914504
2026,#009,m1,UV,13.13025866
9703,#303,m1,UV,13.13025866
11086,#970,m1,UV,13.13248333
3588,#022,m1,UV,13.13359438
7225,#281,m1,UV,13.13359438
8531,#289,m1,UV,13.13359438
7001,#281,m1,UV,13.13470457
3317,#022,m1,UV,13.13581391
8373,#289,m1,UV,13.13581391
8556,#289,m1,UV,13.13692239
11943,#974,m1,UV,13.13692239
5037,#258,m1,UV,13.13803003
1043,#006,m1,UV,13.13913682
3366,#022,m1,UV,13.14024275
6992,#281,m1,UV,13.14024275
10250,#317,m1,UV,13.14686063
2021,#009,m1,UV,13.15125575
6911,#281,m1,UV,13.15125575
7840,#282,m1,UV,13.15235244
9045,#291,m1,UV,13.15235244
9400,#303,m1,UV,13.15235244
3514,#022,m1,UV,13.15454332
12150,#974,m1,UV,13.15454332
390,#003,m1,UV,13.15673088
5887,#263,m1,UV,13.15673088
4658,#258,m1,UV,13.15782341
4617,#258,m1,UV,13.16000601
7757,#282,m1,UV,13.16000601
4415,#131,m1,UV,13.16109607
4831,#258,m1,UV,13.16109607
12147,#974,m1,UV,13.16109607
1277,#006,m1,UV,13.16218531
4576,#258,m1,UV,13.16218531
8588,#289,m1,UV,13.16218531
9076,#291,m1,UV,13.16436132
7657,#282,m1,UV,13.16544809
9378,#303,m1,UV,13.16544809
7322,#282,m1,UV,13.16870352
7466,#282,m1,UV,13.17086973
8454,#289,m1,UV,13.17086973
9442,#303,m1,UV,13.17086973
5038,#258,m1,UV,13.17411295
10875,#970,m1,UV,13.17734891
4272,#131,m1,UV,13.17950218
9508,#303,m1,UV,13.18057762
1333,#006,m1,UV,13.18165225
1275,#006,m1,UV,13.18379912
6099,#263,m1,UV,13.18379912
9709,#303,m1,UV,13.18379912
7885,#282,m1,UV,13.18487136
9037,#291,m1,UV,13.18915235
2085,#009,m1,UV,13.1912881
2236,#009,m1,UV,13.1912881
8603,#289,m1,UV,13.1912881
5916,#263,m1,UV,13.19342069
270,#003,m1,UV,13.19555012
185,#003,m1,UV,13.19661367
4627,#258,m1,UV,13.19767643
328,#003,m1,UV,13.1997996
7649,#282,m1,UV,13.1997996
4352,#131,m1,UV,13.20191965
4355,#131,m1,UV,13.20191965
8615,#289,m1,UV,13.20191965
9511,#303,m1,UV,13.20191965
7758,#282,m1,UV,13.20297851
8375,#289,m1,UV,13.20297851
9384,#303,m1,UV,13.20403659
325,#003,m1,UV,13.2050939
4398,#131,m1,UV,13.2050939
374,#003,m1,UV,13.20615043
9482,#303,m1,UV,13.20615043
4631,#258,m1,UV,13.21142152
12178,#974,m1,UV,13.21142152
7710,#282,m1,UV,13.21667342
5032,#258,m1,UV,13.21876883
10211,#317,m1,UV,13.21876883
4944,#258,m1,UV,13.2198154
9590,#303,m1,UV,13.2198154
1229,#006,m1,UV,13.22086121
2520,#009,m1,UV,13.22086121
4827,#258,m1,UV,13.22086121
4385,#131,m1,UV,13.2239941
4967,#258,m1,UV,13.22607892
3413,#022,m1,UV,13.22816073
6141,#263,m1,UV,13.22920051
4836,#258,m1,UV,13.23231537
7327,#282,m1,UV,13.23231537
8377,#289,m1,UV,13.23335216
1161,#006,m1,UV,13.2343882
12136,#974,m1,UV,13.23645807
1088,#006,m1,UV,13.23749189
5947,#263,m1,UV,13.23749189
5102,#258,m1,UV,13.23852497
2162,#009,m1,UV,13.24161977
4908,#258,m1,UV,13.24161977
2421,#009,m1,UV,13.2426499
12130,#974,m1,UV,13.24470796
9040,#291,m1,UV,13.24573588
9069,#291,m1,UV,13.24676308
3450,#022,m1,UV,13.24778954
5990,#263,m1,UV,13.25086456
11266,#970,m1,UV,13.25086456
8609,#289,m1,UV,13.25188811
1050,#006,m1,UV,13.25291093
6092,#263,m1,UV,13.25393303
6907,#281,m1,UV,13.25495441
11180,#970,m1,UV,13.25495441
10937,#970,m1,UV,13.25597507
3604,#022,m1,UV,13.256995
7212,#281,m1,UV,13.25801421
2257,#009,m1,UV,13.26106754
11127,#970,m1,UV,13.2630995
9073,#291,m1,UV,13.26411441
148,#003,m1,UV,13.27220809
8305,#289,m1,UV,13.27220809
11320,#970,m1,UV,13.27321662
4536,#131,m1,UV,13.27422444
11967,#974,m1,UV,13.27623797
3606,#022,m1,UV,13.27724368
12116,#974,m1,UV,13.27724368
10887,#970,m1,UV,13.2782487
1347,#006,m1,UV,13.27925301
256,#003,m1,UV,13.28025662
3411,#022,m1,UV,13.28226176
4354,#131,m1,UV,13.28226176
6908,#281,m1,UV,13.28326328
7334,#282,m1,UV,13.28326328
11134,#970,m1,UV,13.28326328
3459,#022,m1,UV,13.28426411
6143,#263,m1,UV,13.28426411
11956,#974,m1,UV,13.28526425
271,#003,m1,UV,13.28925787
10947,#970,m1,UV,13.29125054
4271,#131,m1,UV,13.29324047
9543,#303,m1,UV,13.2942344
12114,#974,m1,UV,13.29522765
1299,#006,m1,UV,13.29622022
6940,#281,m1,UV,13.2972121
4348,#131,m1,UV,13.2982033
7348,#282,m1,UV,13.2982033
4679,#258,m1,UV,13.30018367
78,#003,m1,UV,13.30216131
11026,#970,m1,UV,13.30314912
411,#003,m1,UV,13.30413626
6962,#281,m1,UV,13.30512272
12132,#974,m1,UV,13.30512272
3652,#022,m1,UV,13.30709361
6068,#263,m1,UV,13.30807805
7531,#282,m1,UV,13.30807805
9576,#303,m1,UV,13.31004491
7745,#282,m1,UV,13.31102734
235,#003,m1,UV,13.31495038
8383,#289,m1,UV,13.3169079
4326,#131,m1,UV,13.31886277
7542,#282,m1,UV,13.31886277
6020,#263,m1,UV,13.320815
2391,#009,m1,UV,13.32179012
6142,#263,m1,UV,13.32276459
7468,#282,m1,UV,13.32276459
1034,#006,m1,UV,13.32373839
10944,#970,m1,UV,13.32373839
2101,#009,m1,UV,13.32665588
2343,#009,m1,UV,13.32762706
9545,#303,m1,UV,13.32956747
3521,#022,m1,UV,13.3305367
8417,#289,m1,UV,13.3324732
10302,#317,m1,UV,13.33537309
2004,#009,m1,UV,13.33633843
11989,#974,m1,UV,13.33633843
3283,#022,m1,UV,13.33730312
1150,#006,m1,UV,13.33826717
8468,#289,m1,UV,13.34019333
6915,#281,m1,UV,13.34115545
7364,#282,m1,UV,13.34115545
11142,#970,m1,UV,13.34115545
11995,#974,m1,UV,13.34403796
4952,#258,m1,UV,13.34595643
8595,#289,m1,UV,13.34691472
1467,#006,m1,UV,13.34787236
1054,#006,m1,UV,13.34882937
7297,#282,m1,UV,13.3507415
12046,#974,m1,UV,13.35169661
1027,#006,m1,UV,13.35360493
2439,#009,m1,UV,13.35551074
9385,#303,m1,UV,13.35551074
4815,#258,m1,UV,13.35836474
3428,#022,m1,UV,13.3612131
11044,#970,m1,UV,13.3612131
4522,#131,m1,UV,13.36594791
9494,#303,m1,UV,13.36594791
8222,#289,m1,UV,13.36689301
1303,#006,m1,UV,13.37066723
11957,#974,m1,UV,13.37066723
1338,#006,m1,UV,13.37255064
4686,#258,m1,UV,13.37255064
178,#003,m1,UV,13.37349143
8496,#289,m1,UV,13.3744316
11135,#970,m1,UV,13.3744316
4630,#258,m1,UV,13.37631011
7520,#282,m1,UV,13.37724845
8236,#289,m1,UV,13.37818618
1924,#009,m1,UV,13.3791233
10241,#317,m1,UV,13.3791233
5,#003,m1,UV,13.38099571
2323,#009,m1,UV,13.38193101
9036,#291,m1,UV,13.3828657
11865,#974,m1,UV,13.38473327
5943,#263,m1,UV,13.38566614
11093,#970,m1,UV,13.38566614
5983,#263,m1,UV,13.38753009
29,#003,m1,UV,13.38846116
4694,#258,m1,UV,13.38939163
184,#003,m1,UV,13.3903215
1129,#006,m1,UV,13.39125078
3491,#022,m1,UV,13.39125078
7010,#281,m1,UV,13.39403501
446,#003,m1,UV,13.39496189
2002,#009,m1,UV,13.39496189
7551,#282,m1,UV,13.39496189
3439,#022,m1,UV,13.39773898
8237,#289,m1,UV,13.3995874
2241,#009,m1,UV,13.40051072
9444,#303,m1,UV,13.40051072
7704,#282,m1,UV,13.4023556
4829,#258,m1,UV,13.40327716
1951,#009,m1,UV,13.40419813
4547,#258,m1,UV,13.40419813
3354,#022,m1,UV,13.40511851
139,#003,m1,UV,13.4069575
4960,#258,m1,UV,13.40787613
7470,#282,m1,UV,13.40787613
2229,#009,m1,UV,13.40879416
5022,#258,m1,UV,13.40971162
11306,#970,m1,UV,13.41154477
7424,#282,m1,UV,13.41246048
1166,#006,m1,UV,13.41337561
7080,#281,m1,UV,13.41337561
1290,#006,m1,UV,13.41429015
8546,#289,m1,UV,13.41429015
12145,#974,m1,UV,13.41520412
5917,#263,m1,UV,13.41703031
3451,#022,m1,UV,13.4188542
1915,#009,m1,UV,13.42067579
1952,#009,m1,UV,13.42158572
9354,#303,m1,UV,13.42158572
9398,#303,m1,UV,13.42158572
4493,#131,m1,UV,13.42340386
7855,#282,m1,UV,13.42340386
8366,#289,m1,UV,13.42431207
9390,#303,m1,UV,13.42431207
3412,#022,m1,UV,13.42521971
2247,#009,m1,UV,13.42612678
9672,#303,m1,UV,13.42884458
6144,#263,m1,UV,13.4306536
1189,#006,m1,UV,13.43155726
3356,#022,m1,UV,13.43155726
4449,#131,m1,UV,13.43155726
9499,#303,m1,UV,13.43246036
8315,#289,m1,UV,13.43336288
4830,#258,m1,UV,13.43426485
5951,#263,m1,UV,13.43516625
9474,#303,m1,UV,13.43606709
22,#003,m1,UV,13.43696737
2025,#009,m1,UV,13.43876624
6938,#281,m1,UV,13.43876624
1125,#006,m1,UV,13.44235727
1033,#006,m1,UV,13.44325363
2213,#009,m1,UV,13.44504469
12017,#974,m1,UV,13.44504469
11316,#970,m1,UV,13.44772711
4361,#131,m1,UV,13.45129593
1922,#009,m1,UV,13.45218676
9507,#303,m1,UV,13.45218676
12164,#974,m1,UV,13.45218676
2024,#009,m1,UV,13.45307704
11268,#970,m1,UV,13.45307704
1115,#006,m1,UV,13.45485595
137,#003,m1,UV,13.45663266
9591,#303,m1,UV,13.45663266
4349,#131,m1,UV,13.4575202
1102,#006,m1,UV,13.4584072
4342,#131,m1,UV,13.45929365
5882,#263,m1,UV,13.45929365
7515,#282,m1,UV,13.45929365
10272,#317,m1,UV,13.46017955
8586,#289,m1,UV,13.46106491
6011,#263,m1,UV,13.462834
2166,#009,m1,UV,13.46371774
2019,#009,m1,UV,13.46460093
10951,#970,m1,UV,13.46460093
10156,#317,m1,UV,13.46548358
4692,#258,m1,UV,13.46724727
11958,#974,m1,UV,13.4681283
4282,#131,m1,UV,13.4690088
102,#003,m1,UV,13.47076819
266,#003,m1,UV,13.47076819
10224,#317,m1,UV,13.4760335
2256,#009,m1,UV,13.47778435
6093,#263,m1,UV,13.47778435
1010,#006,m1,UV,13.47953307
4701,#258,m1,UV,13.48040663
9610,#303,m1,UV,13.48040663
11033,#970,m1,UV,13.48040663
12179,#974,m1,UV,13.48040663
9678,#303,m1,UV,13.48127967
12134,#974,m1,UV,13.48127967
2423,#009,m1,UV,13.48215218
8412,#289,m1,UV,13.48215218
8549,#289,m1,UV,13.48215218
4698,#258,m1,UV,13.48476655
11324,#970,m1,UV,13.48476655
1085,#006,m1,UV,13.48563695
8239,#289,m1,UV,13.48650683
9509,#303,m1,UV,13.48650683
7751,#282,m1,UV,13.48737619
7137,#281,m1,UV,13.48911333
3583,#022,m1,UV,13.48998112
1411,#006,m1,UV,13.49084838
4699,#258,m1,UV,13.49258135
12045,#974,m1,UV,13.49431223
3553,#022,m1,UV,13.4951769
6892,#281,m1,UV,13.49776779
8538,#289,m1,UV,13.50035404
9492,#303,m1,UV,13.50035404
12149,#974,m1,UV,13.50035404
1145,#006,m1,UV,13.50207564
10896,#970,m1,UV,13.50465418
7888,#282,m1,UV,13.50722812
5886,#263,m1,UV,13.50894154
282,#003,m1,UV,13.50979748
4884,#258,m1,UV,13.50979748
11124,#970,m1,UV,13.51065292
2434,#009,m1,UV,13.51492251
11049,#970,m1,UV,13.51747822
11183,#970,m1,UV,13.51747822
5918,#263,m1,UV,13.51832912
3367,#022,m1,UV,13.5208788
4824,#258,m1,UV,13.5208788
5921,#263,m1,UV,13.5208788
2008,#009,m1,UV,13.52257609
11962,#974,m1,UV,13.52257609
7893,#282,m1,UV,13.52342398
3316,#022,m1,UV,13.52511828
4377,#131,m1,UV,13.52511828
4552,#258,m1,UV,13.52850092
3443,#022,m1,UV,13.53018927
7405,#282,m1,UV,13.53018927
8232,#289,m1,UV,13.53018927
8380,#289,m1,UV,13.53018927
9724,#303,m1,UV,13.53018927
4584,#258,m1,UV,13.53103271
4411,#131,m1,UV,13.53187565
2244,#009,m1,UV,13.53356006
2514,#009,m1,UV,13.53356006
6013,#263,m1,UV,13.53440152
9540,#303,m1,UV,13.53440152
4571,#258,m1,UV,13.5352425
2409,#009,m1,UV,13.53776249
2248,#009,m1,UV,13.53944004
30,#003,m1,UV,13.54027809
9031,#291,m1,UV,13.54195272
359,#003,m1,UV,13.54278931
8611,#289,m1,UV,13.54278931
7805,#282,m1,UV,13.54696498
5097,#258,m1,UV,13.5494646
10201,#317,m1,UV,13.5494646
2146,#009,m1,UV,13.55029684
8271,#289,m1,UV,13.55029684
12125,#974,m1,UV,13.55029684
4816,#258,m1,UV,13.55112861
9588,#303,m1,UV,13.55195989
1940,#009,m1,UV,13.5527907
5888,#263,m1,UV,13.5527907
397,#003,m1,UV,13.55610915
4910,#258,m1,UV,13.56107255
7323,#282,m1,UV,13.56107255
4828,#258,m1,UV,13.56189813
11311,#970,m1,UV,13.56189813
5165,#258,m1,UV,13.56354787
7752,#282,m1,UV,13.56354787
1413,#006,m1,UV,13.56437203
7639,#282,m1,UV,13.56437203
10094,#317,m1,UV,13.56519572
3442,#022,m1,UV,13.56601894
5035,#258,m1,UV,13.56601894
11873,#974,m1,UV,13.57012802
10322,#317,m1,UV,13.57258786
1082,#006,m1,UV,13.57340687
3534,#022,m1,UV,13.57586113
2508,#009,m1,UV,13.57667829
83,#003,m1,UV,13.57749499
1157,#006,m1,UV,13.57749499
133,#003,m1,UV,13.57912699
5027,#258,m1,UV,13.57994231
9401,#303,m1,UV,13.57994231
9480,#303,m1,UV,13.57994231
4533,#131,m1,UV,13.58075716
3522,#022,m1,UV,13.58238548
8238,#289,m1,UV,13.58238548
11941,#974,m1,UV,13.58319896
4683,#258,m1,UV,13.58563663
9402,#303,m1,UV,13.58888046
9446,#303,m1,UV,13.58888046
9035,#291,m1,UV,13.59049965
7680,#282,m1,UV,13.59292503
10274,#317,m1,UV,13.59534633
407,#003,m1,UV,13.59615253
11136,#970,m1,UV,13.59695828
11140,#970,m1,UV,13.59776358
10864,#970,m1,UV,13.59856843
258,#003,m1,UV,13.59937284
7852,#282,m1,UV,13.59937284
1119,#006,m1,UV,13.6009803
1261,#006,m1,UV,13.60178336
9439,#303,m1,UV,13.60258597
1045,#006,m1,UV,13.60338813
3596,#022,m1,UV,13.60338813
2435,#009,m1,UV,13.60418985
2206,#009,m1,UV,13.60579196
7837,#282,m1,UV,13.60579196
6913,#281,m1,UV,13.60659234
403,#003,m1,UV,13.60899084
9437,#303,m1,UV,13.60978945
2172,#009,m1,UV,13.61297949
10185,#317,m1,UV,13.61297949
2081,#009,m1,UV,13.6153674
11876,#974,m1,UV,13.61616249
5099,#258,m1,UV,13.61695715
7360,#282,m1,UV,13.61854515
12151,#974,m1,UV,13.61854515
9445,#303,m1,UV,13.6201314
368,#003,m1,UV,13.62171591
2144,#009,m1,UV,13.62329868
4345,#131,m1,UV,13.62329868
7835,#282,m1,UV,13.62566958
379,#003,m1,UV,13.62645902
457,#003,m1,UV,13.62803659
7414,#282,m1,UV,13.62803659
11118,#970,m1,UV,13.62961245
248,#003,m1,UV,13.63039973
7355,#282,m1,UV,13.63354457
331,#003,m1,UV,13.63432971
7218,#281,m1,UV,13.63511443
8602,#289,m1,UV,13.63589871
2173,#009,m1,UV,13.63668257
8262,#289,m1,UV,13.63668257
11880,#974,m1,UV,13.63746601
4268,#131,m1,UV,13.63824902
2430,#009,m1,UV,13.6390316
11959,#974,m1,UV,13.6421577
1242,#006,m1,UV,13.64371822
3629,#022,m1,UV,13.64449784
11947,#974,m1,UV,13.64761213
405,#003,m1,UV,13.64838966
4276,#131,m1,UV,13.64994345
7477,#282,m1,UV,13.65304602
7703,#282,m1,UV,13.65304602
7803,#282,m1,UV,13.65304602
8551,#289,m1,UV,13.65459481
3344,#022,m1,UV,13.65536858
11102,#970,m1,UV,13.65536858
1135,#006,m1,UV,13.65614193
4383,#131,m1,UV,13.65614193
9653,#303,m1,UV,13.65614193
4838,#258,m1,UV,13.65691487
6145,#263,m1,UV,13.6576874
4397,#131,m1,UV,13.65923122
9503,#303,m1,UV,13.66000251
9729,#303,m1,UV,13.66000251
4520,#131,m1,UV,13.66077338
2325,#009,m1,UV,13.66154385
4563,#258,m1,UV,13.66154385
10198,#317,m1,UV,13.6623139
32,#003,m1,UV,13.6646216
1374,#006,m1,UV,13.6646216
7316,#282,m1,UV,13.6646216
7581,#282,m1,UV,13.67228737
2427,#009,m1,UV,13.67381565
4886,#258,m1,UV,13.67381565
8416,#289,m1,UV,13.67457918
4334,#131,m1,UV,13.67534231
4501,#131,m1,UV,13.67534231
4964,#258,m1,UV,13.67762928
11883,#974,m1,UV,13.67762928
2250,#009,m1,UV,13.67839079
8610,#289,m1,UV,13.67839079
11043,#970,m1,UV,13.68067294
3349,#022,m1,UV,13.68295148
11315,#970,m1,UV,13.68295148
3240,#022,m1,UV,13.68371019
5988,#263,m1,UV,13.68446851
1408,#006,m1,UV,13.68674107
10920,#970,m1,UV,13.68976558
125,#003,m1,UV,13.69127547
10870,#970,m1,UV,13.69127547
10242,#317,m1,UV,13.69353734
12073,#974,m1,UV,13.69429051
4746,#258,m1,UV,13.69504328
8967,#291,m1,UV,13.69579567
11064,#970,m1,UV,13.69654766
4626,#258,m1,UV,13.70254952
1289,#006,m1,UV,13.703298
1097,#006,m1,UV,13.70852651
2133,#009,m1,UV,13.71150575
3268,#022,m1,UV,13.71150575
4718,#258,m1,UV,13.7122496
24,#003,m1,UV,13.71299306
4834,#258,m1,UV,13.71447885
1046,#006,m1,UV,13.71670466
1402,#006,m1,UV,13.71670466
3306,#022,m1,UV,13.71744583
2145,#009,m1,UV,13.71818662
6095,#263,m1,UV,13.71818662
1170,#006,m1,UV,13.71892704
9657,#303,m1,UV,13.71892704
9726,#303,m1,UV,13.71966707
11082,#970,m1,UV,13.71966707
2416,#009,m1,UV,13.72262341
262,#003,m1,UV,13.72409932
353,#003,m1,UV,13.72557371
1042,#006,m1,UV,13.72557371
2518,#009,m1,UV,13.7270466
4879,#258,m1,UV,13.72778248
8534,#289,m1,UV,13.73512072
6003,#263,m1,UV,13.7358525
1953,#009,m1,UV,13.7365839
6102,#263,m1,UV,13.7365839
7074,#281,m1,UV,13.7365839
12041,#974,m1,UV,13.7365839
9587,#303,m1,UV,13.73731494
7473,#282,m1,UV,13.7380456
7282,#282,m1,UV,13.73877589
6091,#263,m1,UV,13.74169338
7459,#282,m1,UV,13.74169338
1103,#006,m1,UV,13.74387762
245,#003,m1,UV,13.74533195
5031,#258,m1,UV,13.74823622
7313,#282,m1,UV,13.75041059
5881,#263,m1,UV,13.75258169
11109,#970,m1,UV,13.75258169
7741,#282,m1,UV,13.75402728
7892,#282,m1,UV,13.75402728
7795,#282,m1,UV,13.75835537
10266,#317,m1,UV,13.75979518
7499,#282,m1,UV,13.76911912
4757,#258,m1,UV,13.77054824
12115,#974,m1,UV,13.77197594
3248,#022,m1,UV,13.77553904
1941,#009,m1,UV,13.7762506
1346,#006,m1,UV,13.77767267
4756,#258,m1,UV,13.77767267
373,#003,m1,UV,13.77838319
6098,#263,m1,UV,13.78193051
9074,#291,m1,UV,13.7847621
8993,#291,m1,UV,13.78546913
8343,#289,m1,UV,13.78617581
3564,#022,m1,UV,13.78688215
4961,#258,m1,UV,13.78758814
11313,#970,m1,UV,13.78758814
4267,#131,m1,UV,13.78829379
2332,#009,m1,UV,13.78899909
81,#003,m1,UV,13.78970405
11000,#970,m1,UV,13.78970405
1414,#006,m1,UV,13.79111293
3550,#022,m1,UV,13.79111293
2158,#009,m1,UV,13.79181686
3219,#022,m1,UV,13.79181686
4963,#258,m1,UV,13.79392657
2014,#009,m1,UV,13.79673474
2320,#009,m1,UV,13.79953745
8467,#289,m1,UV,13.79953745
12146,#974,m1,UV,13.79953745
11852,#974,m1,UV,13.80023728
12047,#974,m1,UV,13.80093677
5100,#258,m1,UV,13.80163592
7651,#282,m1,UV,13.80163592
2132,#009,m1,UV,13.80233473
3403,#022,m1,UV,13.8030332
7062,#281,m1,UV,13.8030332
12127,#974,m1,UV,13.8030332
7412,#282,m1,UV,13.80512659
9435,#303,m1,UV,13.8065205
4305,#131,m1,UV,13.80791306
10976,#970,m1,UV,13.80930428
6090,#263,m1,UV,13.80999939
11178,#970,m1,UV,13.80999939
388,#003,m1,UV,13.81069416
9649,#303,m1,UV,13.8120827
4425,#131,m1,UV,13.81485579
9582,#303,m1,UV,13.81554822
5012,#258,m1,UV,13.8169321
4396,#131,m1,UV,13.81762355
10239,#317,m1,UV,13.81762355
4953,#258,m1,UV,13.81831466
7643,#282,m1,UV,13.82314319
9673,#303,m1,UV,13.82314319
10935,#970,m1,UV,13.82314319
2251,#009,m1,UV,13.82451981
7136,#281,m1,UV,13.82451981
10957,#970,m1,UV,13.82520762
10941,#970,m1,UV,13.82658227
1155,#006,m1,UV,13.82795562
4407,#131,m1,UV,13.82795562
10895,#970,m1,UV,13.8286418
9510,#303,m1,UV,13.83001318
2408,#009,m1,UV,13.83138326
4733,#258,m1,UV,13.83275204
9038,#291,m1,UV,13.83343595
5108,#258,m1,UV,13.83411953
4426,#131,m1,UV,13.83957653
8554,#289,m1,UV,13.83957653
9506,#303,m1,UV,13.83957653
3602,#022,m1,UV,13.84297671
7740,#282,m1,UV,13.84365579
8994,#291,m1,UV,13.84365579
108,#003,m1,UV,13.84433454
3457,#022,m1,UV,13.84501298
8216,#289,m1,UV,13.84501298
12024,#974,m1,UV,13.84501298
4820,#258,m1,UV,13.8463689
1149,#006,m1,UV,13.84704638
12040,#974,m1,UV,13.84772354
4318,#131,m1,UV,13.84840038
399,#003,m1,UV,13.84907691
4962,#258,m1,UV,13.85110459
9383,#303,m1,UV,13.85110459
11969,#974,m1,UV,13.8524548
1038,#006,m1,UV,13.85312943
4887,#258,m1,UV,13.85447774
3363,#022,m1,UV,13.85717059
2497,#009,m1,UV,13.85851514
4621,#258,m1,UV,13.86052961
9697,#303,m1,UV,13.86052961
5155,#258,m1,UV,13.86120047
11115,#970,m1,UV,13.86120047
4347,#131,m1,UV,13.86254127
10943,#970,m1,UV,13.8632112
19,#003,m1,UV,13.86388082
5872,#263,m1,UV,13.86388082
9594,#303,m1,UV,13.86655619
3660,#022,m1,UV,13.86722426
6958,#281,m1,UV,13.86722426
4623,#258,m1,UV,13.86855947
5087,#258,m1,UV,13.86855947
1049,#006,m1,UV,13.86989345
3507,#022,m1,UV,13.87055997
5856,#263,m1,UV,13.87388799
2017,#009,m1,UV,13.87588112
3365,#022,m1,UV,13.87588112
1018,#006,m1,UV,13.8778715
2222,#009,m1,UV,13.87853435
3647,#022,m1,UV,13.87985914
9366,#303,m1,UV,13.88052108
7848,#282,m1,UV,13.88118272
5034,#258,m1,UV,13.88250508
7227,#281,m1,UV,13.88250508
9730,#303,m1,UV,13.8831658
443,#003,m1,UV,13.88382623
4761,#258,m1,UV,13.88382623
3246,#022,m1,UV,13.88448635
7851,#282,m1,UV,13.88448635
7859,#282,m1,UV,13.88514617
5092,#258,m1,UV,13.8864649
9388,#303,m1,UV,13.88778243
2090,#009,m1,UV,13.88844074
4666,#258,m1,UV,13.88909876
3312,#022,m1,UV,13.88975647
11177,#970,m1,UV,13.891071
12177,#974,m1,UV,13.891071
11867,#974,m1,UV,13.89172782
458,#003,m1,UV,13.89238433
1288,#006,m1,UV,13.89238433
4577,#258,m1,UV,13.89369647
1300,#006,m1,UV,13.89435209
8256,#289,m1,UV,13.89435209
10184,#317,m1,UV,13.89435209
7844,#282,m1,UV,13.89631717
4674,#258,m1,UV,13.89762574
8241,#289,m1,UV,13.89958636
6888,#281,m1,UV,13.90089197
4779,#258,m1,UV,13.9021964
3589,#022,m1,UV,13.90675262
406,#003,m1,UV,13.90740234
4764,#258,m1,UV,13.90870089
5025,#258,m1,UV,13.90999828
7215,#281,m1,UV,13.90999828
9369,#303,m1,UV,13.90999828
4628,#258,m1,UV,13.91064654
8550,#289,m1,UV,13.91194218
1266,#006,m1,UV,13.91323666
6171,#263,m1,UV,13.91323666
1071,#006,m1,UV,13.91452997
65,#003,m1,UV,13.9151762
7415,#282,m1,UV,13.9151762
8573,#289,m1,UV,13.91582213
11264,#970,m1,UV,13.91582213
1942,#009,m1,UV,13.91646778
3634,#022,m1,UV,13.91711313
8604,#289,m1,UV,13.9177582
11053,#970,m1,UV,13.91904747
326,#003,m1,UV,13.92033559
6031,#263,m1,UV,13.92033559
8398,#289,m1,UV,13.92033559
8414,#289,m1,UV,13.92355087
8535,#289,m1,UV,13.92355087
5026,#258,m1,UV,13.92547661
2400,#009,m1,UV,13.93059936
10095,#317,m1,UV,13.93123843
145,#003,m1,UV,13.93251572
1943,#009,m1,UV,13.93315394
10918,#970,m1,UV,13.93315394
9627,#303,m1,UV,13.93442953
1930,#009,m1,UV,13.935704
7804,#282,m1,UV,13.93824955
6073,#263,m1,UV,13.93952065
11948,#974,m1,UV,13.93952065
11250,#970,m1,UV,13.94015578
7129,#281,m1,UV,13.9426935
2413,#009,m1,UV,13.94522677
2253,#009,m1,UV,13.9477556
436,#003,m1,UV,13.94964931
10916,#970,m1,UV,13.94964931
4406,#131,m1,UV,13.95028
4579,#258,m1,UV,13.95028
72,#003,m1,UV,13.95279999
7326,#282,m1,UV,13.95405834
4570,#258,m1,UV,13.95531559
4343,#131,m1,UV,13.9559438
5903,#263,m1,UV,13.9559438
1029,#006,m1,UV,13.95657174
6138,#263,m1,UV,13.95719941
272,#003,m1,UV,13.95908078
3386,#022,m1,UV,13.96158546
9434,#303,m1,UV,13.96221095
11318,#970,m1,UV,13.96346112
87,#003,m1,UV,13.96471021
5005,#258,m1,UV,13.96595821
4414,#131,m1,UV,13.96658181
8542,#289,m1,UV,13.96720514
401,#003,m1,UV,13.96845099
3230,#022,m1,UV,13.96907351
2424,#009,m1,UV,13.97156092
7886,#282,m1,UV,13.97280301
9039,#291,m1,UV,13.97404404
3574,#022,m1,UV,13.97466416
7696,#282,m1,UV,13.97590359
8224,#289,m1,UV,13.97590359
6893,#281,m1,UV,13.9765229
11233,#970,m1,UV,13.98023322
10180,#317,m1,UV,13.98085068
7011,#281,m1,UV,13.98146788
4274,#131,m1,UV,13.98208481
7133,#281,m1,UV,13.98393402
7661,#282,m1,UV,13.98393402
410,#003,m1,UV,13.98639596
8342,#289,m1,UV,13.98639596
130,#003,m1,UV,13.98762535
208,#003,m1,UV,13.98946749
4452,#131,m1,UV,13.98946749
10318,#317,m1,UV,13.98946749
5958,#263,m1,UV,13.99069427
3598,#022,m1,UV,13.99559099
12148,#974,m1,UV,13.99681258
6935,#281,m1,UV,13.99742298
3584,#022,m1,UV,13.99864302
8485,#289,m1,UV,13.99986203
11216,#970,m1,UV,13.99986203
10240,#317,m1,UV,14.00047114
3597,#022,m1,UV,14.00108001
3627,#022,m1,UV,14.00229696
4512,#131,m1,UV,14.00412046
50,#003,m1,UV,14.00533485
2327,#009,m1,UV,14.00654822
4405,#131,m1,UV,14.00654822
38,#003,m1,UV,14.00715452
5168,#258,m1,UV,14.00836636
4755,#258,m1,UV,14.01018221
190,#003,m1,UV,14.01139151
3595,#022,m1,UV,14.01139151
4822,#258,m1,UV,14.01139151
6960,#281,m1,UV,14.01199578
4889,#258,m1,UV,14.01441034
9617,#303,m1,UV,14.01501334
3409,#022,m1,UV,14.0162186
4927,#258,m1,UV,14.0162186
9397,#303,m1,UV,14.01682085
1363,#006,m1,UV,14.01742285
5010,#258,m1,UV,14.01742285
11322,#970,m1,UV,14.0186261
6928,#281,m1,UV,14.01982835
7073,#281,m1,UV,14.0204291
8376,#289,m1,UV,14.02102959
6993,#281,m1,UV,14.02162984
8464,#289,m1,UV,14.02162984
12034,#974,m1,UV,14.02282959
9644,#303,m1,UV,14.02342909
2300,#009,m1,UV,14.02522609
4578,#258,m1,UV,14.02642285
11046,#970,m1,UV,14.02642285
9495,#303,m1,UV,14.02761862
2331,#009,m1,UV,14.0288134
1080,#006,m1,UV,14.02941042
6934,#281,m1,UV,14.02941042
4823,#258,m1,UV,14.03000719
12094,#974,m1,UV,14.03119999
455,#003,m1,UV,14.03179603
7063,#281,m1,UV,14.03239181
8497,#289,m1,UV,14.03298735
11051,#970,m1,UV,14.03298735
5089,#258,m1,UV,14.03417769
10908,#970,m1,UV,14.03417769
7003,#281,m1,UV,14.0347725
11107,#970,m1,UV,14.0347725
3315,#022,m1,UV,14.03536705
2088,#009,m1,UV,14.03596137
6087,#263,m1,UV,14.03714926
4564,#258,m1,UV,14.03774284
5920,#263,m1,UV,14.03952211
5103,#258,m1,UV,14.04661735
4946,#258,m1,UV,14.0477965
7533,#282,m1,UV,14.0530908
4581,#258,m1,UV,14.05367786
7712,#282,m1,UV,14.05367786
5067,#258,m1,UV,14.05426468
7421,#282,m1,UV,14.0554376
7656,#282,m1,UV,14.05602371
7857,#282,m1,UV,14.05660957
12133,#974,m1,UV,14.05660957
4328,#131,m1,UV,14.0571952
6086,#263,m1,UV,14.0571952
5914,#263,m1,UV,14.05778059
4730,#258,m1,UV,14.06011978
1356,#006,m1,UV,14.06245519
2009,#009,m1,UV,14.06245519
3655,#022,m1,UV,14.06420426
4393,#131,m1,UV,14.06420426
4382,#131,m1,UV,14.06595122
1226,#006,m1,UV,14.0694388
1916,#009,m1,UV,14.0694388
3646,#022,m1,UV,14.07117943
4475,#131,m1,UV,14.07175918
182,#003,m1,UV,14.07465441
11866,#974,m1,UV,14.07465441
8359,#289,m1,UV,14.07523276
7211,#281,m1,UV,14.07581088
4313,#131,m1,UV,14.07638877
1345,#006,m1,UV,14.08157936
7067,#281,m1,UV,14.08157936
7565,#282,m1,UV,14.08215494
10927,#970,m1,UV,14.08445497
1450,#006,m1,UV,14.08502941
7530,#282,m1,UV,14.08560362
6037,#263,m1,UV,14.0861776
260,#003,m1,UV,14.09018906
4376,#131,m1,UV,14.09018906
4957,#258,m1,UV,14.09247633
4930,#258,m1,UV,14.09304759
5166,#258,m1,UV,14.09304759
45,#003,m1,UV,14.09418941
7856,#282,m1,UV,14.09704002
10921,#970,m1,UV,14.09760947
11246,#970,m1,UV,14.09760947
3566,#022,m1,UV,14.09817869
1344,#006,m1,UV,14.09988502
3585,#022,m1,UV,14.10102144
4966,#258,m1,UV,14.10158932
9470,#303,m1,UV,14.10158932
10116,#317,m1,UV,14.10329162
7083,#281,m1,UV,14.1038586
4622,#258,m1,UV,14.10442537
7318,#282,m1,UV,14.10442537
5029,#258,m1,UV,14.10612432
7210,#281,m1,UV,14.10669019
444,#003,m1,UV,14.10725585
12173,#974,m1,UV,14.10725585
7648,#282,m1,UV,14.10782128
6889,#281,m1,UV,14.10838648
9025,#291,m1,UV,14.10838648
8596,#289,m1,UV,14.10895147
11928,#974,m1,UV,14.10895147
1410,#006,m1,UV,14.11064511
7465,#282,m1,UV,14.11064511
11321,#970,m1,UV,14.11177309
11326,#970,m1,UV,14.11177309
1466,#006,m1,UV,14.11233676
3360,#022,m1,UV,14.11233676
11041,#970,m1,UV,14.11346342
7836,#282,m1,UV,14.11402642
8961,#291,m1,UV,14.11571412
6182,#263,m1,UV,14.11627624
7845,#282,m1,UV,14.11627624
2394,#009,m1,UV,14.11739984
7640,#282,m1,UV,14.11908359
1332,#006,m1,UV,14.12188548
8585,#289,m1,UV,14.12188548
2324,#009,m1,UV,14.12244521
9573,#303,m1,UV,14.12356401
9719,#303,m1,UV,14.12356401
11971,#974,m1,UV,14.127473
8490,#289,m1,UV,14.12858791
10871,#970,m1,UV,14.12858791
7690,#282,m1,UV,14.13081515
11139,#970,m1,UV,14.13081515
5984,#263,m1,UV,14.13137143
1349,#006,m1,UV,14.13192748
1285,#006,m1,UV,14.13359438
11117,#970,m1,UV,14.13692239
6061,#263,m1,UV,14.13858353
7460,#282,m1,UV,14.13913682
2317,#009,m1,UV,14.14465804
10210,#317,m1,UV,14.14575976
7709,#282,m1,UV,14.14741075
1460,#006,m1,UV,14.14960915
7760,#282,m1,UV,14.15015822
12170,#974,m1,UV,14.15015822
3258,#022,m1,UV,14.15235244
10321,#317,m1,UV,14.15290047
4809,#258,m1,UV,14.15673088
9555,#303,m1,UV,14.15727725
10890,#970,m1,UV,14.15727725
8273,#289,m1,UV,14.15946067
3644,#022,m1,UV,14.16000601
11052,#970,m1,UV,14.16109607
7582,#282,m1,UV,14.16164079
3452,#022,m1,UV,14.16218531
4870,#258,m1,UV,14.16436132
4667,#258,m1,UV,14.16816146
4826,#258,m1,UV,14.17141077
7357,#282,m1,UV,14.17411295
7879,#282,m1,UV,14.17465278
4931,#258,m1,UV,14.17681008
10199,#317,m1,UV,14.17842595
4341,#131,m1,UV,14.17896417
8547,#289,m1,UV,14.17950218
11100,#970,m1,UV,14.17950218
4518,#131,m1,UV,14.18111503
11307,#970,m1,UV,14.18540718
4890,#258,m1,UV,14.1859428
4819,#258,m1,UV,14.18754847
8613,#289,m1,UV,14.18754847
4958,#258,m1,UV,14.18915235
12138,#974,m1,UV,14.19342069
9061,#291,m1,UV,14.19555012
8989,#291,m1,UV,14.19714514
257,#003,m1,UV,14.19820751
3540,#022,m1,UV,14.1992691
2230,#009,m1,UV,14.2003299
4337,#131,m1,UV,14.2003299
4951,#258,m1,UV,14.2003299
281,#003,m1,UV,14.20138993
9629,#303,m1,UV,14.20138993
10942,#970,m1,UV,14.20138993
124,#003,m1,UV,14.20297851
7725,#282,m1,UV,14.20350765
8966,#291,m1,UV,14.20456534
4607,#258,m1,UV,14.20615043
10984,#970,m1,UV,14.20773378
10983,#970,m1,UV,14.20878838
1468,#006,m1,UV,14.21036884
1047,#006,m1,UV,14.21142152
10299,#317,m1,UV,14.21142152
2507,#009,m1,UV,14.21194757
4379,#131,m1,UV,14.21247343
9387,#303,m1,UV,14.21352457
5876,#263,m1,UV,14.21404986
11294,#970,m1,UV,14.21457495
11317,#970,m1,UV,14.21667342
4693,#258,m1,UV,14.21719756
11111,#970,m1,UV,14.21772151
9647,#303,m1,UV,14.22190627
9680,#303,m1,UV,14.22347243
2405,#009,m1,UV,14.22503689
11019,#970,m1,UV,14.22503689
3251,#022,m1,UV,14.225558
4909,#258,m1,UV,14.2271202
9538,#303,m1,UV,14.2271202
2306,#009,m1,UV,14.23127783
1168,#006,m1,UV,14.23179669
10092,#317,m1,UV,14.23179669
2034,#009,m1,UV,14.23283385
8269,#289,m1,UV,14.2343882
8413,#289,m1,UV,14.23542351
9621,#303,m1,UV,14.23594088
4333,#131,m1,UV,14.23904123
10222,#317,m1,UV,14.24161977
8548,#289,m1,UV,14.24213493
7400,#282,m1,UV,14.24316469
2373,#009,m1,UV,14.24522201
11861,#974,m1,UV,14.2472764
8311,#289,m1,UV,14.2483025
7312,#282,m1,UV,14.24881527
11182,#970,m1,UV,14.24881527
1949,#009,m1,UV,14.25188811
4729,#258,m1,UV,14.25188811
11132,#970,m1,UV,14.25342207
1906,#009,m1,UV,14.25495441
4403,#131,m1,UV,14.25495441
7474,#282,m1,UV,14.25546483
2252,#009,m1,UV,14.25648512
322,#003,m1,UV,14.2575047
5844,#263,m1,UV,14.2575047
9727,#303,m1,UV,14.25801421
7599,#282,m1,UV,14.25852355
195,#003,m1,UV,14.26005048
7347,#282,m1,UV,14.2615758
1093,#006,m1,UV,14.26208388
5003,#258,m1,UV,14.26360705
8470,#289,m1,UV,14.26360705
3404,#022,m1,UV,14.26816693
12068,#974,m1,UV,14.27069398
7706,#282,m1,UV,14.27170357
2411,#009,m1,UV,14.27422444
10917,#970,m1,UV,14.27422444
3296,#022,m1,UV,14.27724368
8553,#289,m1,UV,14.27925301
4662,#258,m1,UV,14.28075817
8369,#289,m1,UV,14.28176074
422,#003,m1,UV,14.28276261
1354,#006,m1,UV,14.28276261
2412,#009,m1,UV,14.28326328
3255,#022,m1,UV,14.28376378
3264,#022,m1,UV,14.28476426
7874,#282,m1,UV,14.28526425
5020,#258,m1,UV,14.2882605
7584,#282,m1,UV,14.28975629
7324,#282,m1,UV,14.29125054
1353,#006,m1,UV,14.29174828
12143,#974,m1,UV,14.29522765
7884,#282,m1,UV,14.29622022
11141,#970,m1,UV,14.29770779
8466,#289,m1,UV,14.29869865
8533,#289,m1,UV,14.29869865
1403,#006,m1,UV,14.30067833
4880,#258,m1,UV,14.30067833
6937,#281,m1,UV,14.30117283
8524,#289,m1,UV,14.30166716
387,#003,m1,UV,14.30216132
7545,#282,m1,UV,14.30512272
8469,#289,m1,UV,14.30512272
389,#003,m1,UV,14.3061085
2395,#009,m1,UV,14.30660114
12139,#974,m1,UV,14.30660114
9501,#303,m1,UV,14.30807805
5883,#263,m1,UV,14.31053621
7014,#281,m1,UV,14.31151831
7139,#281,m1,UV,14.3120091
3571,#022,m1,UV,14.31249973
10835,#970,m1,UV,14.31299019
6941,#281,m1,UV,14.31446058
7625,#282,m1,UV,14.31544001
41,#003,m1,UV,14.31592947
1957,#009,m1,UV,14.31788567
7877,#282,m1,UV,14.3183743
11036,#970,m1,UV,14.3183743
197,#003,m1,UV,14.31983922
10136,#317,m1,UV,14.31983922
4534,#131,m1,UV,14.32032719
8235,#289,m1,UV,14.320815
12038,#974,m1,UV,14.32130264
7702,#282,m1,UV,14.32276459
9429,#303,m1,UV,14.32714155
3299,#022,m1,UV,14.32762706
11968,#974,m1,UV,14.3305367
1044,#006,m1,UV,14.33198932
2432,#009,m1,UV,14.33392388
4969,#258,m1,UV,14.33392388
9396,#303,m1,UV,14.33440711
2100,#009,m1,UV,14.33633843
5957,#263,m1,UV,14.33682086
9373,#303,m1,UV,14.33778523
7475,#282,m1,UV,14.33874895
3448,#022,m1,UV,14.34019333
6082,#263,m1,UV,14.34163627
392,#003,m1,UV,14.34307776
2318,#009,m1,UV,14.34355794
3649,#022,m1,UV,14.34355794
6136,#263,m1,UV,14.34451781
453,#003,m1,UV,14.34499751
1132,#006,m1,UV,14.34739362
4495,#131,m1,UV,14.34930764
6174,#263,m1,UV,14.3502637
4975,#258,m1,UV,14.35265109
7544,#282,m1,UV,14.35455815
4280,#131,m1,UV,14.35551074
8372,#289,m1,UV,14.35551074
7853,#282,m1,UV,14.3559868
4678,#258,m1,UV,14.3564627
391,#003,m1,UV,14.35693844
247,#003,m1,UV,14.35836474
8300,#289,m1,UV,14.35978962
11923,#974,m1,UV,14.36073876
9394,#303,m1,UV,14.3612131
12026,#974,m1,UV,14.36216131
11040,#970,m1,UV,14.36358245
1227,#006,m1,UV,14.3645291
376,#003,m1,UV,14.36642054
8456,#289,m1,UV,14.36689301
11990,#974,m1,UV,14.36736533
1948,#009,m1,UV,14.36783749
3465,#022,m1,UV,14.3683095
5994,#263,m1,UV,14.3683095
5910,#263,m1,UV,14.36878135
6886,#281,m1,UV,14.36925305
6983,#281,m1,UV,14.36925305
9707,#303,m1,UV,14.3697246
77,#003,m1,UV,14.37019599
11048,#970,m1,UV,14.37066723
6066,#263,m1,UV,14.37208002
8297,#289,m1,UV,14.37208002
10295,#317,m1,UV,14.37208002
4942,#258,m1,UV,14.37255064
255,#003,m1,UV,14.37302111
11240,#970,m1,UV,14.37349143
12050,#974,m1,UV,14.3744316
7890,#282,m1,UV,14.37490146
8371,#289,m1,UV,14.37537116
1273,#006,m1,UV,14.37771739
8537,#289,m1,UV,14.37771739
7831,#282,m1,UV,14.37959163
2069,#009,m1,UV,14.38146344
9403,#303,m1,UV,14.38193101
4372,#131,m1,UV,14.3842666
2,#003,m1,UV,14.38659842
10948,#970,m1,UV,14.3879957
7642,#282,m1,UV,14.38892647
8437,#289,m1,UV,14.38892647
7527,#282,m1,UV,14.38939163
9650,#303,m1,UV,14.38985664
2437,#009,m1,UV,14.39078621
11922,#974,m1,UV,14.39264356
431,#003,m1,UV,14.39866348
10115,#317,m1,UV,14.39866348
6085,#263,m1,UV,14.39912552
8555,#289,m1,UV,14.39912552
11179,#970,m1,UV,14.3995874
7528,#282,m1,UV,14.40051072
5096,#258,m1,UV,14.40143346
9604,#303,m1,UV,14.4018946
4813,#258,m1,UV,14.40327716
7644,#282,m1,UV,14.40327716
7794,#282,m1,UV,14.40327716
1431,#006,m1,UV,14.40373772
4938,#258,m1,UV,14.40465839
2479,#009,m1,UV,14.4060383
4613,#258,m1,UV,14.4069575
10888,#970,m1,UV,14.40741689
5159,#258,m1,UV,14.40787613
13,#003,m1,UV,14.40833522
4807,#258,m1,UV,14.40971162
7573,#282,m1,UV,14.40971162
4413,#131,m1,UV,14.4110867
7009,#281,m1,UV,14.41246048
11084,#970,m1,UV,14.41291812
9572,#303,m1,UV,14.41566088
9011,#291,m1,UV,14.41657398
11946,#974,m1,UV,14.41703031
9497,#303,m1,UV,14.4174865
8227,#289,m1,UV,14.41976528
4680,#258,m1,UV,14.42113082
4954,#258,m1,UV,14.42204047
7629,#282,m1,UV,14.42340386
3400,#022,m1,UV,14.42385804
10869,#970,m1,UV,14.42385804
8495,#289,m1,UV,14.42476596
11121,#970,m1,UV,14.42476596
4760,#258,m1,UV,14.42521971
4610,#258,m1,UV,14.42567332
3313,#022,m1,UV,14.4265801
11077,#970,m1,UV,14.42884458
8598,#289,m1,UV,14.42929704
7469,#282,m1,UV,14.43020155
9441,#303,m1,UV,14.4306536
9490,#303,m1,UV,14.43200888
6939,#281,m1,UV,14.43291169
2020,#009,m1,UV,14.43426485
4788,#258,m1,UV,14.43561674
10893,#970,m1,UV,14.43561674
2245,#009,m1,UV,14.43606709
180,#003,m1,UV,14.4374173
4912,#258,m1,UV,14.4374173
12043,#974,m1,UV,14.43921561
7526,#282,m1,UV,14.44011393
8378,#289,m1,UV,14.44101168
1208,#006,m1,UV,14.44325363
10170,#317,m1,UV,14.44459713
6184,#263,m1,UV,14.44504469
7734,#282,m1,UV,14.44593938
4616,#258,m1,UV,14.44638652
5959,#263,m1,UV,14.44638652
5030,#258,m1,UV,14.44683352
11870,#974,m1,UV,14.44772711
3575,#022,m1,UV,14.45085031
7700,#282,m1,UV,14.45307704
4840,#258,m1,UV,14.45352197
8309,#289,m1,UV,14.45530033
7575,#282,m1,UV,14.4570765
1036,#006,m1,UV,14.4584072
4928,#258,m1,UV,14.46239193
10977,#970,m1,UV,14.46371774
7358,#282,m1,UV,14.46460093
5028,#258,m1,UV,14.46548358
2016,#009,m1,UV,14.46592471
8587,#289,m1,UV,14.46636569
6169,#263,m1,UV,14.4681283
7005,#281,m1,UV,14.4681283
3314,#022,m1,UV,14.46944885
6007,#263,m1,UV,14.47076818
7635,#282,m1,UV,14.47164707
2095,#009,m1,UV,14.4729644
6887,#281,m1,UV,14.4729644
3447,#022,m1,UV,14.47384195
11950,#974,m1,UV,14.47471897
3402,#022,m1,UV,14.47515728
10938,#970,m1,UV,14.47559546
3533,#022,m1,UV,14.47690919
1400,#006,m1,UV,14.47822172
203,#003,m1,UV,14.47909608
11262,#970,m1,UV,14.47996992
2478,#009,m1,UV,14.48040663
8457,#289,m1,UV,14.48084322
381,#003,m1,UV,14.48127967
3591,#022,m1,UV,14.48171599
7363,#282,m1,UV,14.48302416
10824,#970,m1,UV,14.48302416
1230,#006,m1,UV,14.48389562
402,#003,m1,UV,14.48476655
2136,#009,m1,UV,14.48476655
11165,#970,m1,UV,14.48520182
8308,#289,m1,UV,14.48650683
4457,#131,m1,UV,14.48781067
5036,#258,m1,UV,14.48867924
8233,#289,m1,UV,14.48954729
8584,#289,m1,UV,14.48954729
3243,#022,m1,UV,14.49084838
4467,#131,m1,UV,14.49344705
9386,#303,m1,UV,14.4951769
3244,#022,m1,UV,14.4990615
149,#003,m1,UV,14.5012151
9463,#303,m1,UV,14.50164543
7299,#282,m1,UV,14.50293566
2157,#009,m1,UV,14.50465418
2007,#009,m1,UV,14.50594172
3432,#022,m1,UV,14.50851337
4365,#131,m1,UV,14.50851337
8255,#289,m1,UV,14.50851337
4891,#258,m1,UV,14.50936957
5009,#258,m1,UV,14.51065292
5019,#258,m1,UV,14.51108045
82,#003,m1,UV,14.51193513
187,#003,m1,UV,14.51193513
11988,#974,m1,UV,14.51364296
321,#003,m1,UV,14.51406961
2380,#009,m1,UV,14.51406961
11953,#974,m1,UV,14.51875438
7504,#282,m1,UV,14.52130331
209,#003,m1,UV,14.52172769
9481,#303,m1,UV,14.52215195
8543,#289,m1,UV,14.52257609
4624,#258,m1,UV,14.5230001
5940,#263,m1,UV,14.5230001
10200,#317,m1,UV,14.5230001
10138,#317,m1,UV,14.52427138
7850,#282,m1,UV,14.52469489
9498,#303,m1,UV,14.52511828
6980,#281,m1,UV,14.52681059
1458,#006,m1,UV,14.53018927
7536,#282,m1,UV,14.53018927
7698,#282,m1,UV,14.53018927
10889,#970,m1,UV,14.53103271
138,#003,m1,UV,14.53356006
2403,#009,m1,UV,14.53356006
6041,#263,m1,UV,14.53650304
4387,#131,m1,UV,14.5373428
7534,#282,m1,UV,14.5373428
3359,#022,m1,UV,14.53944004
10319,#317,m1,UV,14.54027809
7873,#282,m1,UV,14.54111565
7064,#281,m1,UV,14.54195272
11857,#974,m1,UV,14.54278931
9704,#303,m1,UV,14.54779867
4885,#258,m1,UV,14.54863188
6127,#263,m1,UV,14.5494646
3641,#022,m1,UV,14.54988078
4492,#131,m1,UV,14.55029684
7563,#282,m1,UV,14.55195989
1401,#006,m1,UV,14.55403601
9026,#291,m1,UV,14.55569476
5930,#263,m1,UV,14.55610915
3441,#022,m1,UV,14.55652342
162,#003,m1,UV,14.5573516
1025,#006,m1,UV,14.55817931
4688,#258,m1,UV,14.55900654
7630,#282,m1,UV,14.55900654
4498,#131,m1,UV,14.5598333
146,#003,m1,UV,14.56024651
3544,#022,m1,UV,14.56024651
1104,#006,m1,UV,14.56189813
6959,#281,m1,UV,14.56272324
2018,#009,m1,UV,14.56766398
4362,#131,m1,UV,14.56766398
11029,#970,m1,UV,14.56807494
7456,#282,m1,UV,14.56848579
2165,#009,m1,UV,14.56889652
9041,#291,m1,UV,14.57258786
11232,#970,m1,UV,14.57463452
275,#003,m1,UV,14.57545238
10881,#970,m1,UV,14.57749499
11083,#970,m1,UV,14.57790316
10297,#317,m1,UV,14.57871916
1455,#006,m1,UV,14.58116441
5871,#263,m1,UV,14.58319896
7454,#282,m1,UV,14.58319896
4250,#131,m1,UV,14.58523063
1030,#006,m1,UV,14.58604251
7711,#282,m1,UV,14.58725946
9395,#303,m1,UV,14.58807019
6036,#263,m1,UV,14.58847538
61,#003,m1,UV,14.58969028
4932,#258,m1,UV,14.58969028
1225,#006,m1,UV,14.59049965
4417,#131,m1,UV,14.59453968
7220,#281,m1,UV,14.59453968
11236,#970,m1,UV,14.59695828
11091,#970,m1,UV,14.59897069
11116,#970,m1,UV,14.59897069
9577,#303,m1,UV,14.59937284
3237,#022,m1,UV,14.6005786
9392,#303,m1,UV,14.6009803
4663,#258,m1,UV,14.60338813
122,#003,m1,UV,14.60499113
6961,#281,m1,UV,14.60499113
11184,#970,m1,UV,14.6093902
10139,#317,m1,UV,14.60978945
11942,#974,m1,UV,14.61018859
10137,#317,m1,UV,14.61337775
11101,#970,m1,UV,14.61337775
1928,#009,m1,UV,14.6137759
9072,#291,m1,UV,14.61457187
1055,#006,m1,UV,14.61616249
7750,#282,m1,UV,14.61616249
4690,#258,m1,UV,14.61695715
1210,#006,m1,UV,14.6201314
10878,#970,m1,UV,14.6201314
1955,#009,m1,UV,14.62052769
4424,#131,m1,UV,14.62290315
7786,#282,m1,UV,14.62290315
9699,#303,m1,UV,14.62290315
10298,#317,m1,UV,14.62329868
5853,#263,m1,UV,14.6236941
1096,#006,m1,UV,14.6252747
2227,#009,m1,UV,14.6252747
2153,#009,m1,UV,14.62724802
280,#003,m1,UV,14.62764236
10235,#317,m1,UV,14.62882474
12140,#974,m1,UV,14.62921865
5017,#258,m1,UV,14.63000614
7346,#282,m1,UV,14.63000614
8600,#289,m1,UV,14.63000614
2501,#009,m1,UV,14.63079321
3301,#022,m1,UV,14.63079321
198,#003,m1,UV,14.63197301
10099,#317,m1,UV,14.63197301
2126,#009,m1,UV,14.63511443
7577,#282,m1,UV,14.6405955
7807,#282,m1,UV,14.6405955
2168,#009,m1,UV,14.6421577
7650,#282,m1,UV,14.6421577
2070,#009,m1,UV,14.64332825
8365,#289,m1,UV,14.64410808
177,#003,m1,UV,14.64449784
10196,#317,m1,UV,14.64449784
11038,#970,m1,UV,14.64449784
7464,#282,m1,UV,14.64605583
4562,#258,m1,UV,14.64838966
3297,#022,m1,UV,14.64877826
1463,#006,m1,UV,14.64916676
6100,#263,m1,UV,14.64955516
4818,#258,m1,UV,14.64994345
8601,#289,m1,UV,14.64994345
3565,#022,m1,UV,14.65304602
7314,#282,m1,UV,14.65304602
1100,#006,m1,UV,14.65536858
2215,#009,m1,UV,14.65536858
9698,#303,m1,UV,14.65575531
9043,#291,m1,UV,14.65807351
3570,#022,m1,UV,14.65845952
1164,#006,m1,UV,14.65923122
10186,#317,m1,UV,14.6600025
141,#003,m1,UV,14.66038799
7872,#282,m1,UV,14.66038799
7476,#282,m1,UV,14.66269877
215,#003,m1,UV,14.66615801
5986,#263,m1,UV,14.66807624
11325,#970,m1,UV,14.67037474
6927,#281,m1,UV,14.67266959
4298,#131,m1,UV,14.67381565
2506,#009,m1,UV,14.67534231
369,#003,m1,UV,14.67724837
4573,#258,m1,UV,14.67915191
12069,#974,m1,UV,14.68181266
2076,#009,m1,UV,14.68257197
142,#003,m1,UV,14.68295148
3506,#022,m1,UV,14.68371019
12175,#974,m1,UV,14.6840894
11992,#974,m1,UV,14.68636255
10246,#317,m1,UV,14.68674107
11143,#970,m1,UV,14.68863213
4925,#258,m1,UV,14.68901005
6178,#263,m1,UV,14.69165269
5861,#263,m1,UV,14.69541952
6058,#263,m1,UV,14.69805047
8977,#291,m1,UV,14.69880128
6006,#263,m1,UV,14.70030175
1154,#006,m1,UV,14.70180065
7223,#281,m1,UV,14.70217513
8494,#289,m1,UV,14.703298
6053,#263,m1,UV,14.70404609
5105,#258,m1,UV,14.70591462
10995,#970,m1,UV,14.70740771
10140,#317,m1,UV,14.71076152
1459,#006,m1,UV,14.7122496
8336,#289,m1,UV,14.71262138
2420,#009,m1,UV,14.7159631
5101,#258,m1,UV,14.71633393
6083,#263,m1,UV,14.71670466
2276,#009,m1,UV,14.71744583
10936,#970,m1,UV,14.71966707
4351,#131,m1,UV,14.72077641
4619,#258,m1,UV,14.72077641
6987,#281,m1,UV,14.721146
11047,#970,m1,UV,14.7218849
7645,#282,m1,UV,14.72299253
4904,#258,m1,UV,14.72446806
4759,#258,m1,UV,14.7248367
2214,#009,m1,UV,14.72557371
12129,#974,m1,UV,14.72557371
253,#003,m1,UV,14.72778248
1913,#009,m1,UV,14.7288856
3496,#022,m1,UV,14.7288856
323,#003,m1,UV,14.72925312
2208,#009,m1,UV,14.72925312
76,#003,m1,UV,14.72998788
7086,#281,m1,UV,14.73292317
1069,#006,m1,UV,14.73731494
3303,#022,m1,UV,14.7380456
8960,#291,m1,UV,14.7391409
121,#003,m1,UV,14.73950582
3607,#022,m1,UV,14.74060001
12020,#974,m1,UV,14.74242183
9552,#303,m1,UV,14.74387762
5875,#263,m1,UV,14.74859885
1421,#006,m1,UV,14.74932382
10163,#317,m1,UV,14.75149655
8340,#289,m1,UV,14.75185836
11916,#974,m1,UV,14.75294323
7422,#282,m1,UV,14.75366602
9410,#303,m1,UV,14.75366602
9728,#303,m1,UV,14.75366602
2406,#009,m1,UV,14.75474953
6034,#263,m1,UV,14.75474953
43,#003,m1,UV,14.75511052
95,#003,m1,UV,14.75835537
1058,#006,m1,UV,14.75979518
4442,#131,m1,UV,14.76123356
10891,#970,m1,UV,14.76159293
11252,#970,m1,UV,14.76267051
1420,#006,m1,UV,14.76302952
2072,#009,m1,UV,14.76410603
4291,#131,m1,UV,14.76410603
9733,#303,m1,UV,14.76446468
7806,#282,m1,UV,14.76840403
2502,#009,m1,UV,14.77054824
1457,#006,m1,UV,14.77197594
4687,#258,m1,UV,14.7762506
4956,#258,m1,UV,14.77660625
7289,#282,m1,UV,14.77731729
4266,#131,m1,UV,14.78051263
11973,#974,m1,UV,14.78228476
12072,#974,m1,UV,14.78299301
3310,#022,m1,UV,14.7837009
64,#003,m1,UV,14.78440845
8606,#289,m1,UV,14.78511566
1279,#006,m1,UV,14.78617581
2171,#009,m1,UV,14.78899909
4259,#131,m1,UV,14.79146494
2170,#009,m1,UV,14.79216869
1937,#009,m1,UV,14.79533134
7209,#281,m1,UV,14.79603321
2510,#009,m1,UV,14.79638402
7791,#282,m1,UV,14.79708538
4990,#258,m1,UV,14.79883728
3254,#022,m1,UV,14.79953745
1947,#009,m1,UV,14.80093677
5852,#263,m1,UV,14.80128638
4500,#131,m1,UV,14.80338231
2242,#009,m1,UV,14.80408028
1281,#006,m1,UV,14.80442913
4529,#131,m1,UV,14.80442913
10113,#317,m1,UV,14.8047779
6080,#263,m1,UV,14.80582371
4843,#258,m1,UV,14.80617215
9569,#303,m1,UV,14.8089566
7478,#282,m1,UV,14.80965188
2312,#009,m1,UV,14.81034682
10301,#317,m1,UV,14.81173569
9725,#303,m1,UV,14.81277647
1262,#006,m1,UV,14.81520205
8339,#289,m1,UV,14.81520205
8265,#289,m1,UV,14.81762355
9432,#303,m1,UV,14.81900544
10874,#970,m1,UV,14.81900544
8575,#289,m1,UV,14.82004099
8448,#289,m1,UV,14.82348747
9436,#303,m1,UV,14.82348747
3407,#022,m1,UV,14.82383166
7707,#282,m1,UV,14.82486376
10931,#970,m1,UV,14.82486376
6890,#281,m1,UV,14.82692573
206,#003,m1,UV,14.8276124
1933,#009,m1,UV,14.82829875
10160,#317,m1,UV,14.82898476
11994,#974,m1,UV,14.83035582
3563,#022,m1,UV,14.83548571
18,#003,m1,UV,14.83616832
7426,#282,m1,UV,14.83719163
10096,#317,m1,UV,14.83787343
2079,#009,m1,UV,14.83855492
5960,#263,m1,UV,14.83991691
28,#003,m1,UV,14.84025721
8218,#289,m1,UV,14.84025721
1274,#006,m1,UV,14.84297671
109,#003,m1,UV,14.84331629
9679,#303,m1,UV,14.84331629
8951,#291,m1,UV,14.8446738
11006,#970,m1,UV,14.84501298
6874,#281,m1,UV,14.84670768
7403,#282,m1,UV,14.84670768
7538,#282,m1,UV,14.84840038
2005,#009,m1,UV,14.84873869
7402,#282,m1,UV,14.84941506
8399,#289,m1,UV,14.84975312
2237,#009,m1,UV,14.85042902
4882,#258,m1,UV,14.85279215
10187,#317,m1,UV,14.85380374
7743,#282,m1,UV,14.85447774
327,#003,m1,UV,14.85750685
4325,#131,m1,UV,14.85952272
2169,#009,m1,UV,14.86187102
4561,#258,m1,UV,14.86220618
7516,#282,m1,UV,14.86254127
9062,#291,m1,UV,14.86254127
360,#003,m1,UV,14.8632112
7647,#282,m1,UV,14.86455012
6137,#263,m1,UV,14.86555351
5016,#258,m1,UV,14.86689026
7351,#282,m1,UV,14.86755818
12049,#974,m1,UV,14.86755818
7788,#282,m1,UV,14.86922661
236,#003,m1,UV,14.86989345
1395,#006,m1,UV,14.86989345
4732,#258,m1,UV,14.8718921
5847,#263,m1,UV,14.8718921
3445,#022,m1,UV,14.87222494
1219,#006,m1,UV,14.87289039
5018,#258,m1,UV,14.873223
4440,#131,m1,UV,14.8748849
5086,#258,m1,UV,14.8748849
4506,#131,m1,UV,14.87521705
2243,#009,m1,UV,14.87554912
5161,#258,m1,UV,14.87687666
1351,#006,m1,UV,14.87720835
7578,#282,m1,UV,14.87720835
8593,#289,m1,UV,14.87720835
8955,#291,m1,UV,14.87720835
1283,#006,m1,UV,14.87853435
7354,#282,m1,UV,14.87853435
3651,#022,m1,UV,14.88283548
4682,#258,m1,UV,14.88283548
11920,#974,m1,UV,14.88349605
5985,#263,m1,UV,14.88382623
6140,#263,m1,UV,14.88514617
7705,#282,m1,UV,14.88547596
5015,#258,m1,UV,14.88876979
4811,#258,m1,UV,14.89008522
6988,#281,m1,UV,14.89369647
4881,#258,m1,UV,14.89467979
6879,#281,m1,UV,14.89467979
4950,#258,m1,UV,14.89533497
4261,#131,m1,UV,14.89827958
12097,#974,m1,UV,14.89893312
6008,#263,m1,UV,14.90089197
4568,#258,m1,UV,14.9018704
70,#003,m1,UV,14.90349964
12074,#974,m1,UV,14.90415083
6175,#263,m1,UV,14.90447631
4805,#258,m1,UV,14.90512705
6134,#263,m1,UV,14.90545231
3599,#022,m1,UV,14.90610261
4991,#258,m1,UV,14.90610261
11094,#970,m1,UV,14.90642765
9348,#303,m1,UV,14.90707752
8313,#289,m1,UV,14.90740234
115,#003,m1,UV,14.91032245
454,#003,m1,UV,14.91064654
8296,#289,m1,UV,14.91097056
10860,#970,m1,UV,14.91388346
4283,#131,m1,UV,14.91420675
11858,#974,m1,UV,14.91452997
7742,#282,m1,UV,14.9177582
1978,#009,m1,UV,14.91872526
11323,#970,m1,UV,14.92194413
10183,#317,m1,UV,14.92258704
12172,#974,m1,UV,14.92258704
9021,#291,m1,UV,14.92515583
5857,#263,m1,UV,14.92643851
11987,#974,m1,UV,14.92996001
2022,#009,m1,UV,14.93059936
1348,#006,m1,UV,14.93123843
8260,#289,m1,UV,14.93155786
317,#003,m1,UV,14.93283486
9019,#291,m1,UV,14.93315394
3256,#022,m1,UV,14.93347294
4810,#258,m1,UV,14.93347294
12,#003,m1,UV,14.93538549
9393,#303,m1,UV,14.93665911
234,#003,m1,UV,14.93920298
8570,#289,m1,UV,14.93983825
8379,#289,m1,UV,14.94237653
6936,#281,m1,UV,14.9426935
11875,#974,m1,UV,14.94332724
10847,#970,m1,UV,14.94459387
2097,#009,m1,UV,14.94522677
6001,#263,m1,UV,14.9461756
11273,#970,m1,UV,14.94933387
2231,#009,m1,UV,14.9534293
5006,#258,m1,UV,14.95405834
404,#003,m1,UV,14.95500138
3281,#022,m1,UV,14.95751314
3572,#022,m1,UV,14.9581404
12128,#974,m1,UV,14.95876739
400,#003,m1,UV,14.95908078
1286,#006,m1,UV,14.95908078
9427,#303,m1,UV,14.96127261
2238,#009,m1,UV,14.96158546
8267,#289,m1,UV,14.96158546
3396,#022,m1,UV,14.96189824
6064,#263,m1,UV,14.96221095
4461,#131,m1,UV,14.96252359
4743,#258,m1,UV,14.96252359
5098,#258,m1,UV,14.96252359
9440,#303,m1,UV,14.96377349
4697,#258,m1,UV,14.96595821
6115,#263,m1,UV,14.96595821
8266,#289,m1,UV,14.96689351
3631,#022,m1,UV,14.96907351
7413,#282,m1,UV,14.96907351
4321,#131,m1,UV,14.97062864
1979,#009,m1,UV,14.97125023
7558,#282,m1,UV,14.97249259
375,#003,m1,UV,14.97280302
5104,#258,m1,UV,14.97404404
2216,#009,m1,UV,14.97621328
3639,#022,m1,UV,14.97837925
4706,#258,m1,UV,14.97868841
5094,#258,m1,UV,14.9796155
9029,#291,m1,UV,14.98023322
9489,#303,m1,UV,14.98085068
11314,#970,m1,UV,14.98362598
183,#003,m1,UV,14.98393402
4269,#131,m1,UV,14.98424199
5981,#263,m1,UV,14.98424199
31,#003,m1,UV,14.98701079
8226,#289,m1,UV,14.98701079
9556,#303,m1,UV,14.9873181
11914,#974,m1,UV,14.9873181
10194,#317,m1,UV,14.98793254
8411,#289,m1,UV,14.99008101
10826,#970,m1,UV,14.99008101
4404,#131,m1,UV,14.9910008
7875,#282,m1,UV,14.99406255
2398,#009,m1,UV,14.99436836
112,#003,m1,UV,14.99467412
2207,#009,m1,UV,14.99467412
7061,#281,m1,UV,14.99528543
7800,#282,m1,UV,14.99711781
3497,#022,m1,UV,14.99833811
4691,#258,m1,UV,14.99833811
8529,#289,m1,UV,14.99894787
11260,#970,m1,UV,15.00503135
4738,#258,m1,UV,15.00715452
4871,#258,m1,UV,15.00715452
5855,#263,m1,UV,15.00715452
5066,#258,m1,UV,15.00836636
6028,#263,m1,UV,15.01018221
2012,#009,m1,UV,15.0125998
7399,#282,m1,UV,15.01531475
7593,#282,m1,UV,15.0162186
10855,#970,m1,UV,15.0162186
179,#003,m1,UV,15.01651976
2397,#009,m1,UV,15.01922735
84,#003,m1,UV,15.02012875
60,#003,m1,UV,15.02342909
2475,#009,m1,UV,15.02342909
4749,#258,m1,UV,15.02342909
9731,#303,m1,UV,15.02432787
11912,#974,m1,UV,15.02462734
1373,#006,m1,UV,15.02612376
9010,#291,m1,UV,15.02642285
20,#003,m1,UV,15.02761862
4344,#131,m1,UV,15.02761862
3556,#022,m1,UV,15.02821614
6909,#281,m1,UV,15.02821614
8382,#289,m1,UV,15.0285148
11098,#970,m1,UV,15.03090189
3461,#022,m1,UV,15.03119999
4302,#131,m1,UV,15.03149804
8390,#289,m1,UV,15.03417769
2500,#009,m1,UV,15.0347725
9433,#303,m1,UV,15.03685238
23,#003,m1,UV,15.03774284
7881,#282,m1,UV,15.03774284
233,#003,m1,UV,15.03892927
7487,#282,m1,UV,15.03892927
1092,#006,m1,UV,15.04011472
4368,#131,m1,UV,15.04011472
10317,#317,m1,UV,15.04100317
6179,#263,m1,UV,15.0433697
11028,#970,m1,UV,15.04396072
6009,#263,m1,UV,15.04455151
12029,#974,m1,UV,15.04514205
249,#003,m1,UV,15.04573235
12083,#974,m1,UV,15.04573235
3460,#022,m1,UV,15.04602741
4375,#131,m1,UV,15.04602741
314,#003,m1,UV,15.04691223
2071,#009,m1,UV,15.04838572
8957,#291,m1,UV,15.04838572
10244,#317,m1,UV,15.04985771
1470,#006,m1,UV,15.05162211
5915,#263,m1,UV,15.05220977
7789,#282,m1,UV,15.05250351
396,#003,m1,UV,15.05279719
3509,#022,m1,UV,15.05338436
3547,#022,m1,UV,15.054558
10882,#970,m1,UV,15.05631667
6931,#281,m1,UV,15.05690242
394,#003,m1,UV,15.0571952
7834,#282,m1,UV,15.05895066
1245,#006,m1,UV,15.05924303
36,#003,m1,UV,15.06011978
3300,#022,m1,UV,15.06011978
6088,#263,m1,UV,15.060996
5965,#263,m1,UV,15.06157985
1464,#006,m1,UV,15.06187169
7505,#282,m1,UV,15.06362147
9648,#303,m1,UV,15.06420426
3282,#022,m1,UV,15.06478681
9347,#303,m1,UV,15.06536913
8303,#289,m1,UV,15.0674054
11125,#970,m1,UV,15.0694388
4825,#258,m1,UV,15.07262836
4618,#258,m1,UV,15.07291797
116,#003,m1,UV,15.07523276
8552,#289,m1,UV,15.07609985
1462,#006,m1,UV,15.07667762
3545,#022,m1,UV,15.07667762
4903,#258,m1,UV,15.07754385
4968,#258,m1,UV,15.07840955
5085,#258,m1,UV,15.078698
2167,#009,m1,UV,15.07927474
7406,#282,m1,UV,15.08100355
7078,#281,m1,UV,15.08157936
3362,#022,m1,UV,15.08186718
6995,#281,m1,UV,15.08301788
6035,#263,m1,UV,15.08388031
7443,#282,m1,UV,15.08416767
4747,#258,m1,UV,15.08474222
10934,#970,m1,UV,15.08502941
7418,#282,m1,UV,15.08531654
2303,#009,m1,UV,15.08732487
1294,#006,m1,UV,15.08847123
1407,#006,m1,UV,15.08875768
12033,#974,m1,UV,15.08875768
2517,#009,m1,UV,15.0899029
9024,#291,m1,UV,15.09047517
4726,#258,m1,UV,15.09161903
11005,#970,m1,UV,15.09304759
9382,#303,m1,UV,15.09361861
7691,#282,m1,UV,15.09590045
9333,#303,m1,UV,15.09618543
10093,#317,m1,UV,15.09675522
5879,#263,m1,UV,15.09817869
12176,#974,m1,UV,15.10045334
11940,#974,m1,UV,15.10130541
2404,#009,m1,UV,15.10215698
6139,#263,m1,UV,15.10244072
11176,#970,m1,UV,15.10272441
9539,#303,m1,UV,15.10329162
11282,#970,m1,UV,15.10470866
3464,#022,m1,UV,15.1058413
4947,#258,m1,UV,15.10612432
1136,#006,m1,UV,15.10951624
4489,#131,m1,UV,15.11008078
7655,#282,m1,UV,15.11064511
1250,#006,m1,UV,15.11092719
1360,#006,m1,UV,15.11318184
7583,#282,m1,UV,15.11374495
2392,#009,m1,UV,15.11543297
1898,#009,m1,UV,15.11655722
11981,#974,m1,UV,15.11908359
2098,#009,m1,UV,15.1196444
7310,#282,m1,UV,15.12132554
5899,#263,m1,UV,15.12160554
3512,#022,m1,UV,15.12272499
2485,#009,m1,UV,15.12356401
4763,#258,m1,UV,15.12440254
10852,#970,m1,UV,15.12775181
9372,#303,m1,UV,15.12803056
2381,#009,m1,UV,15.12830926
6880,#281,m1,UV,15.12858791
11952,#974,m1,UV,15.12858791
9523,#303,m1,UV,15.12970196
11296,#970,m1,UV,15.13025866
6050,#263,m1,UV,15.13137143
2487,#009,m1,UV,15.13164948
4948,#258,m1,UV,15.1333167
9005,#291,m1,UV,15.1333167
1222,#006,m1,UV,15.13525935
2181,#009,m1,UV,15.13664535
2329,#009,m1,UV,15.13664535
5160,#258,m1,UV,15.13692239
1268,#006,m1,UV,15.13913682
10141,#317,m1,UV,15.14245209
8298,#289,m1,UV,15.14327972
7066,#281,m1,UV,15.14355549
10296,#317,m1,UV,15.14410687
63,#003,m1,UV,15.14438248
8228,#289,m1,UV,15.14465804
5093,#258,m1,UV,15.14960915
1465,#006,m1,UV,15.15015822
1075,#006,m1,UV,15.15098144
11187,#970,m1,UV,15.15180419
11255,#970,m1,UV,15.15563751
5011,#258,m1,UV,15.15645761
8992,#291,m1,UV,15.15755036
11173,#970,m1,UV,15.15836937
7458,#282,m1,UV,15.15891512
11113,#970,m1,UV,15.16000601
5998,#263,m1,UV,15.1602786
8576,#289,m1,UV,15.1602786
7519,#282,m1,UV,15.16191307
11204,#970,m1,UV,15.1635457
9560,#303,m1,UV,15.16517648
7398,#282,m1,UV,15.16599117
4719,#258,m1,UV,15.16626264
9356,#303,m1,UV,15.16761919
10940,#970,m1,UV,15.17086973
4521,#131,m1,UV,15.17249225
12065,#974,m1,UV,15.17303269
7654,#282,m1,UV,15.17519241
11312,#970,m1,UV,15.17546215
8509,#289,m1,UV,15.17707952
4615,#258,m1,UV,15.17788753
1255,#006,m1,UV,15.1792332
9655,#303,m1,UV,15.17950218
7559,#282,m1,UV,15.18004
1984,#009,m1,UV,15.18030883
1935,#009,m1,UV,15.18165225
4459,#131,m1,UV,15.18299442
10117,#317,m1,UV,15.1832627
7345,#282,m1,UV,15.18379912
7008,#281,m1,UV,15.18433534
2377,#009,m1,UV,15.18674586
3656,#022,m1,UV,15.18728098
9014,#291,m1,UV,15.18835063
7495,#282,m1,UV,15.19075446
11220,#970,m1,UV,15.19075446
9551,#303,m1,UV,15.1910213
5976,#263,m1,UV,15.19155484
9532,#303,m1,UV,15.19208819
8293,#289,m1,UV,15.19235479
8463,#289,m1,UV,15.19395334
7522,#282,m1,UV,15.19767643
4899,#258,m1,UV,15.19820751
4984,#258,m1,UV,15.1987384
11030,#970,m1,UV,15.1987384
1298,#006,m1,UV,15.19900377
9546,#303,m1,UV,15.19900377
10097,#317,m1,UV,15.20059498
4464,#131,m1,UV,15.20350765
11039,#970,m1,UV,15.20377214
11235,#970,m1,UV,15.20377214
7302,#282,m1,UV,15.2050939
6017,#263,m1,UV,15.2053581
2519,#009,m1,UV,15.20957883
6985,#281,m1,UV,15.21089527
11023,#970,m1,UV,15.21089527
11001,#970,m1,UV,15.21142152
7756,#282,m1,UV,15.21194757
10926,#970,m1,UV,15.21273629
11915,#974,m1,UV,15.21326186
5948,#263,m1,UV,15.21404986
7447,#282,m1,UV,15.21404986
11224,#970,m1,UV,15.21483743
11253,#970,m1,UV,15.21483743
8337,#289,m1,UV,15.21588685
2442,#009,m1,UV,15.21772151
1962,#009,m1,UV,15.21798341
1938,#009,m1,UV,15.21955383
7510,#282,m1,UV,15.2198154
8367,#289,m1,UV,15.22216741
8589,#289,m1,UV,15.22216741
11901,#974,m1,UV,15.22216741
7420,#282,m1,UV,15.22503689
8400,#289,m1,UV,15.22503689
6094,#263,m1,UV,15.225558
11058,#970,m1,UV,15.22659966
8986,#291,m1,UV,15.22685995
12166,#974,m1,UV,15.22685995
7566,#282,m1,UV,15.22816073
4289,#131,m1,UV,15.22842075
9723,#303,m1,UV,15.23127783
4821,#258,m1,UV,15.23153728
309,#003,m1,UV,15.23257463
4541,#258,m1,UV,15.23283385
11882,#974,m1,UV,15.23309303
251,#003,m1,UV,15.23568222
7889,#282,m1,UV,15.23775023
11129,#970,m1,UV,15.23955731
144,#003,m1,UV,15.2400732
7708,#282,m1,UV,15.24033108
3444,#022,m1,UV,15.24290732
8539,#289,m1,UV,15.24419372
7815,#282,m1,UV,15.24445086
241,#003,m1,UV,15.24470796
5964,#263,m1,UV,15.24496501
2223,#009,m1,UV,15.24599275
9411,#303,m1,UV,15.24599275
7479,#282,m1,UV,15.24676308
2393,#009,m1,UV,15.24701976
9466,#303,m1,UV,15.24855891
3587,#022,m1,UV,15.24881527
7084,#281,m1,UV,15.25035251
319,#003,m1,UV,15.25137642
1094,#006,m1,UV,15.25137642
2468,#009,m1,UV,15.25188811
8302,#289,m1,UV,15.25367758
171,#003,m1,UV,15.25393303
40,#003,m1,UV,15.25444381
6929,#281,m1,UV,15.25469914
9419,#303,m1,UV,15.25469914
4253,#131,m1,UV,15.25495441
2515,#009,m1,UV,15.25597507
10273,#317,m1,UV,15.25775948
2417,#009,m1,UV,15.25801421
2422,#009,m1,UV,15.2590327
10231,#317,m1,UV,15.25954168
8268,#289,m1,UV,15.26233785
8329,#289,m1,UV,15.2630995
12086,#974,m1,UV,15.26386075
5081,#258,m1,UV,15.26766099
7342,#282,m1,UV,15.26841983
6027,#263,m1,UV,15.26993633
450,#003,m1,UV,15.27044148
2148,#009,m1,UV,15.27069398
9370,#303,m1,UV,15.27271244
9023,#291,m1,UV,15.27321662
4448,#131,m1,UV,15.27346864
2010,#009,m1,UV,15.27497984
2319,#009,m1,UV,15.27573485
8415,#289,m1,UV,15.27648946
6910,#281,m1,UV,15.27799751
2509,#009,m1,UV,15.27849984
5095,#258,m1,UV,15.28100887
4812,#258,m1,UV,15.28125954
5898,#263,m1,UV,15.28151016
12109,#974,m1,UV,15.28226176
5138,#258,m1,UV,15.28326328
7660,#282,m1,UV,15.28426411
7423,#282,m1,UV,15.28651344
5868,#263,m1,UV,15.28701282
277,#003,m1,UV,15.29174828
1040,#006,m1,UV,15.29174828
4611,#258,m1,UV,15.29174828
4668,#258,m1,UV,15.29348901
7715,#282,m1,UV,15.29348901
7431,#282,m1,UV,15.29473111
1304,#006,m1,UV,15.29547585
5896,#263,m1,UV,15.29547585
6876,#281,m1,UV,15.29572402
4684,#258,m1,UV,15.29646825
7217,#281,m1,UV,15.29795556
8304,#289,m1,UV,15.2982033
1220,#006,m1,UV,15.29968883
2084,#009,m1,UV,15.29968883
1213,#006,m1,UV,15.30240833
310,#003,m1,UV,15.30314912
320,#003,m1,UV,15.30438294
1909,#009,m1,UV,15.30462957
4721,#258,m1,UV,15.30709361
11986,#974,m1,UV,15.30758591
10247,#317,m1,UV,15.30832405
1148,#006,m1,UV,15.30955345
11302,#970,m1,UV,15.31151831
8410,#289,m1,UV,15.31323536
2054,#009,m1,UV,15.3169079
9537,#303,m1,UV,15.3169079
299,#003,m1,UV,15.3183743
1067,#006,m1,UV,15.31886277
10152,#317,m1,UV,15.32008322
9504,#303,m1,UV,15.32179012
4982,#258,m1,UV,15.32373839
6172,#263,m1,UV,15.32422505
12037,#974,m1,UV,15.32884012
7590,#282,m1,UV,15.3305367
4750,#258,m1,UV,15.33150528
8528,#289,m1,UV,15.33150528
4550,#258,m1,UV,15.33198932
7730,#282,m1,UV,15.33223128
7847,#282,m1,UV,15.33223128
1451,#006,m1,UV,15.33271508
2493,#009,m1,UV,15.33271508
7880,#282,m1,UV,15.33464867
9479,#303,m1,UV,15.33561449
285,#003,m1,UV,15.33754419
10271,#317,m1,UV,15.33778522
5131,#258,m1,UV,15.33874895
4735,#258,m1,UV,15.34019333
4665,#258,m1,UV,15.34163627
4294,#131,m1,UV,15.34475768
4494,#131,m1,UV,15.34691472
4279,#131,m1,UV,15.34811168
8346,#289,m1,UV,15.34906853
7876,#282,m1,UV,15.35050262
12119,#974,m1,UV,15.35121913
2480,#009,m1,UV,15.35336653
8215,#289,m1,UV,15.35455815
9701,#303,m1,UV,15.35812712
7801,#282,m1,UV,15.36026427
8321,#289,m1,UV,15.36192431
4656,#258,m1,UV,15.3621613
6891,#281,m1,UV,15.36287205
3399,#022,m1,UV,15.36381917
7787,#282,m1,UV,15.36594791
9500,#303,m1,UV,15.36689301
9720,#303,m1,UV,15.36689301
5955,#263,m1,UV,15.36712919
11163,#970,m1,UV,15.36712919
1076,#006,m1,UV,15.36736533
10238,#317,m1,UV,15.36783749
5877,#263,m1,UV,15.3683095
4736,#258,m1,UV,15.36878135
8491,#289,m1,UV,15.36925305
10132,#317,m1,UV,15.3697246
107,#003,m1,UV,15.37090279
11247,#970,m1,UV,15.37113831
6982,#281,m1,UV,15.37184465
11011,#970,m1,UV,15.37231535
3568,#022,m1,UV,15.37255064
10294,#317,m1,UV,15.37396159
3355,#022,m1,UV,15.37537116
10886,#970,m1,UV,15.37537116
11292,#970,m1,UV,15.37537116
1342,#006,m1,UV,15.37560596
210,#003,m1,UV,15.37584071
6884,#281,m1,UV,15.37631011
1099,#006,m1,UV,15.37935748
10161,#317,m1,UV,15.38122959
6021,#263,m1,UV,15.38216474
7748,#282,m1,UV,15.38216474
12141,#974,m1,UV,15.38239843
8364,#289,m1,UV,15.3828657
8990,#291,m1,UV,15.38356632
1003,#006,m1,UV,15.38519978
10923,#970,m1,UV,15.38543298
2035,#009,m1,UV,15.38729723
10892,#970,m1,UV,15.38729723
7054,#281,m1,UV,15.38846116
11243,#970,m1,UV,15.38846116
8221,#289,m1,UV,15.38985664
8310,#289,m1,UV,15.39055388
7319,#282,m1,UV,15.39101851
2155,#009,m1,UV,15.39125078
9524,#303,m1,UV,15.39194734
1022,#006,m1,UV,15.39217945
1272,#006,m1,UV,15.39217945
4371,#131,m1,UV,15.39241152
12085,#974,m1,UV,15.39287556
5024,#258,m1,UV,15.39333945
9700,#303,m1,UV,15.39357134
11186,#970,m1,UV,15.39426678
175,#003,m1,UV,15.39565666
12169,#974,m1,UV,15.39588818
4339,#131,m1,UV,15.39681387
11174,#970,m1,UV,15.3995874
4263,#131,m1,UV,15.40166405
370,#003,m1,UV,15.4023556
239,#003,m1,UV,15.40258605
6989,#281,m1,UV,15.40304682
11251,#970,m1,UV,15.40373772
6183,#263,m1,UV,15.40511851
11126,#970,m1,UV,15.40580841
7568,#282,m1,UV,15.40718722
10316,#317,m1,UV,15.40718722
2027,#009,m1,UV,15.40833522
9375,#303,m1,UV,15.40879416
1098,#006,m1,UV,15.41246048
398,#003,m1,UV,15.41634576
1454,#006,m1,UV,15.41634576
9732,#303,m1,UV,15.41680217
11972,#974,m1,UV,15.41817051
8578,#289,m1,UV,15.41908203
447,#003,m1,UV,15.41930981
1954,#009,m1,UV,15.42294954
10134,#317,m1,UV,15.42363097
2225,#009,m1,UV,15.42385804
3638,#022,m1,UV,15.42431207
11137,#970,m1,UV,15.42431207
3518,#022,m1,UV,15.42499285
2240,#009,m1,UV,15.42521971
8451,#289,m1,UV,15.42590007
7292,#282,m1,UV,15.42635346
11961,#974,m1,UV,15.42635346
9068,#291,m1,UV,15.42974937
318,#003,m1,UV,15.42997548
11169,#970,m1,UV,15.4306536
7068,#281,m1,UV,15.4311055
1117,#006,m1,UV,15.43291169
9399,#303,m1,UV,15.43313731
7496,#282,m1,UV,15.43696737
3242,#022,m1,UV,15.43719235
9669,#303,m1,UV,15.43764221
4447,#131,m1,UV,15.44033842
8355,#289,m1,UV,15.44146035
4258,#131,m1,UV,15.44213309
132,#003,m1,UV,15.44258142
7628,#282,m1,UV,15.44258142
4479,#131,m1,UV,15.44347764
4748,#258,m1,UV,15.44414944
7204,#281,m1,UV,15.44414944
9030,#291,m1,UV,15.44549211
5832,#263,m1,UV,15.44638652
3327,#022,m1,UV,15.44705697
6039,#263,m1,UV,15.44839694
5869,#263,m1,UV,15.44884332
9646,#303,m1,UV,15.45018162
106,#003,m1,UV,15.45352197
8402,#289,m1,UV,15.45352197
7057,#281,m1,UV,15.45441142
4778,#258,m1,UV,15.4546337
4671,#258,m1,UV,15.45530033
3654,#022,m1,UV,15.4568546
9633,#303,m1,UV,15.4570765
9336,#303,m1,UV,15.457742
9413,#303,m1,UV,15.457742
2429,#009,m1,UV,15.45951517
1095,#006,m1,UV,15.46084362
9473,#303,m1,UV,15.46084362
9624,#303,m1,UV,15.46084362
2376,#009,m1,UV,15.46150739
5902,#263,m1,UV,15.46482164
1377,#006,m1,UV,15.46658614
4303,#131,m1,UV,15.46922884
9664,#303,m1,UV,15.46922884
3398,#022,m1,UV,15.47032854
1391,#006,m1,UV,15.47054838
3502,#022,m1,UV,15.47252543
11167,#970,m1,UV,15.47340325
2328,#009,m1,UV,15.4758145
7419,#282,m1,UV,15.4760335
1939,#009,m1,UV,15.47647141
1217,#006,m1,UV,15.47865897
1944,#009,m1,UV,15.47887754
11024,#970,m1,UV,15.48018829
8991,#291,m1,UV,15.48062494
5999,#263,m1,UV,15.48084322
1404,#006,m1,UV,15.48149785
7592,#282,m1,UV,15.4819341
10234,#317,m1,UV,15.48345996
1936,#009,m1,UV,15.4841134
1169,#006,m1,UV,15.48433115
11965,#974,m1,UV,15.48563695
44,#003,m1,UV,15.48650683
6925,#281,m1,UV,15.48694158
11871,#974,m1,UV,15.48737619
9345,#303,m1,UV,15.49193173
11122,#970,m1,UV,15.49344705
2096,#009,m1,UV,15.49474463
7867,#282,m1,UV,15.49668882
7081,#281,m1,UV,15.49690468
352,#003,m1,UV,15.49755206
97,#003,m1,UV,15.49776779
9618,#303,m1,UV,15.4990615
8292,#289,m1,UV,15.49970791
10849,#970,m1,UV,15.5001387
8330,#289,m1,UV,15.50078463
2436,#009,m1,UV,15.50099988
1048,#006,m1,UV,15.50207563
4943,#258,m1,UV,15.50207563
7636,#282,m1,UV,15.50551267
1446,#006,m1,UV,15.50658507
1328,#006,m1,UV,15.50679945
5954,#263,m1,UV,15.5070138
12075,#974,m1,UV,15.5070138
4488,#131,m1,UV,15.50744241
12124,#974,m1,UV,15.50744241
12012,#974,m1,UV,15.50765667
5907,#263,m1,UV,15.50851337
10991,#970,m1,UV,15.5108667
6978,#281,m1,UV,15.51129417
11963,#974,m1,UV,15.51300276
4340,#131,m1,UV,15.51428288
9625,#303,m1,UV,15.51449612
11230,#970,m1,UV,15.51598794
3653,#022,m1,UV,15.51662682
9070,#291,m1,UV,15.51747822
1216,#006,m1,UV,15.51854176
7833,#282,m1,UV,15.51981698
3600,#022,m1,UV,15.52109107
8465,#289,m1,UV,15.52130331
11181,#970,m1,UV,15.5230001
7882,#282,m1,UV,15.52384774
169,#003,m1,UV,15.5249066
4401,#131,m1,UV,15.52554155
3263,#022,m1,UV,15.5263877
9670,#303,m1,UV,15.52659916
7574,#282,m1,UV,15.52681059
7216,#281,m1,UV,15.52955637
3238,#022,m1,UV,15.53313914
7567,#282,m1,UV,15.53334961
10848,#970,m1,UV,15.53545267
3425,#022,m1,UV,15.53587291
3393,#022,m1,UV,15.53860151
1258,#006,m1,UV,15.53923046
11205,#970,m1,UV,15.53923046
385,#003,m1,UV,15.53944004
11231,#970,m1,UV,15.5396496
3561,#022,m1,UV,15.53985913
8580,#289,m1,UV,15.54006862
6920,#281,m1,UV,15.54048752
7344,#282,m1,UV,15.54550487
1438,#006,m1,UV,15.54800702
12113,#974,m1,UV,15.5490483
5866,#263,m1,UV,15.54925646
3494,#022,m1,UV,15.55008883
8605,#289,m1,UV,15.55029684
11854,#974,m1,UV,15.55112861
2226,#009,m1,UV,15.5527907
1238,#006,m1,UV,15.55341349
2505,#009,m1,UV,15.55403601
7830,#282,m1,UV,15.55403601
7632,#282,m1,UV,15.55548752
9677,#303,m1,UV,15.55548752
4955,#258,m1,UV,15.55652342
5900,#263,m1,UV,15.55693757
11288,#970,m1,UV,15.55693757
2271,#009,m1,UV,15.5571446
4402,#131,m1,UV,15.56024651
2322,#009,m1,UV,15.562517
7425,#282,m1,UV,15.56334175
8282,#289,m1,UV,15.56416603
11862,#974,m1,UV,15.56437203
10837,#970,m1,UV,15.56519572
8331,#289,m1,UV,15.56643038
5912,#263,m1,UV,15.56828038
1139,#006,m1,UV,15.56869117
1287,#006,m1,UV,15.57074337
10168,#317,m1,UV,15.57217817
4446,#131,m1,UV,15.57320216
9438,#303,m1,UV,15.57483903
4474,#131,m1,UV,15.57688251
3289,#022,m1,UV,15.57749499
259,#003,m1,UV,15.57831122
4287,#131,m1,UV,15.57933087
8449,#289,m1,UV,15.57953471
4323,#131,m1,UV,15.5809608
12137,#974,m1,UV,15.58218204
10877,#970,m1,UV,15.58238548
7843,#282,m1,UV,15.58604251
2336,#009,m1,UV,15.58665111
10167,#317,m1,UV,15.5870567
3436,#022,m1,UV,15.58969028
2164,#009,m1,UV,15.59090416
12018,#974,m1,UV,15.59151072
7006,#281,m1,UV,15.59171285
11259,#970,m1,UV,15.59312696
4612,#258,m1,UV,15.59332886
7739,#282,m1,UV,15.5939344
9589,#303,m1,UV,15.59413619
1946,#009,m1,UV,15.59433795
9371,#303,m1,UV,15.59453968
5996,#263,m1,UV,15.59554793
1196,#006,m1,UV,15.59615253
1406,#006,m1,UV,15.59615253
11872,#974,m1,UV,15.59655546
2224,#009,m1,UV,15.59675689
4262,#131,m1,UV,15.59675689
1393,#006,m1,UV,15.59816607
4874,#258,m1,UV,15.59876958
11213,#970,m1,UV,15.60037771
1209,#006,m1,UV,15.6011811
9483,#303,m1,UV,15.60258597
4560,#258,m1,UV,15.60378905
3340,#022,m1,UV,15.60439021
8356,#289,m1,UV,15.60499113
2135,#009,m1,UV,15.60559179
1376,#006,m1,UV,15.60919053
5113,#258,m1,UV,15.6093902
6018,#263,m1,UV,15.61038812
2334,#009,m1,UV,15.61278032
4872,#258,m1,UV,15.61297949
1448,#006,m1,UV,15.61437292
3578,#022,m1,UV,15.6147708
8220,#289,m1,UV,15.6153674
6986,#281,m1,UV,15.61814831
5013,#258,m1,UV,15.61993321
7610,#282,m1,UV,15.62052769
9365,#303,m1,UV,15.62112192
7755,#282,m1,UV,15.62151794
26,#003,m1,UV,15.62270534
1372,#006,m1,UV,15.62547215
2492,#009,m1,UV,15.6262617
2152,#009,m1,UV,15.62961245
5931,#263,m1,UV,15.63020295
6926,#281,m1,UV,15.63157985
12168,#974,m1,UV,15.63256255
5846,#263,m1,UV,15.63334822
2138,#009,m1,UV,15.6390316
1028,#006,m1,UV,15.64020468
3348,#022,m1,UV,15.64098621
10858,#970,m1,UV,15.64313322
1128,#006,m1,UV,15.64410808
2219,#009,m1,UV,15.64566649
1927,#009,m1,UV,15.64838966
10979,#970,m1,UV,15.64858397
11877,#974,m1,UV,15.65013755
3353,#022,m1,UV,15.65091372
8284,#289,m1,UV,15.65091372
8249,#289,m1,UV,15.65149557
6168,#263,m1,UV,15.65556195
9337,#303,m1,UV,15.65710804
8211,#289,m1,UV,15.6576874
9430,#303,m1,UV,15.65826653
11319,#970,m1,UV,15.65923122
160,#003,m1,UV,15.65942408
3397,#022,m1,UV,15.66077338
2000,#009,m1,UV,15.66096604
8536,#289,m1,UV,15.66192892
5837,#263,m1,UV,15.6623139
4865,#258,m1,UV,15.66308354
3632,#022,m1,UV,15.66730925
9376,#303,m1,UV,15.66807624
2465,#009,m1,UV,15.66884281
1280,#006,m1,UV,15.67266959
9722,#303,m1,UV,15.67343373
4517,#131,m1,UV,15.67667681
240,#003,m1,UV,15.67781969
12082,#974,m1,UV,15.67820045
4959,#258,m1,UV,15.67858111
2387,#009,m1,UV,15.6787714
8574,#289,m1,UV,15.6804829
8274,#289,m1,UV,15.68067294
1398,#006,m1,UV,15.68181266
12160,#974,m1,UV,15.68238218
5061,#258,m1,UV,15.68257197
6873,#281,m1,UV,15.68276174
8458,#289,m1,UV,15.68371019
7571,#282,m1,UV,15.68427897
11004,#970,m1,UV,15.68522642
429,#003,m1,UV,15.68541584
5911,#263,m1,UV,15.68560523
8976,#291,m1,UV,15.68617326
1090,#006,m1,UV,15.68636255
6954,#281,m1,UV,15.6888211
4336,#131,m1,UV,15.68995441
7681,#282,m1,UV,15.6901432
4996,#258,m1,UV,15.69146409
3249,#022,m1,UV,15.69221835
4877,#258,m1,UV,15.69259532
10861,#970,m1,UV,15.69391397
10192,#317,m1,UV,15.69541952
10214,#317,m1,UV,15.69579567
4572,#258,m1,UV,15.69617171
10193,#317,m1,UV,15.69654766
11241,#970,m1,UV,15.6978627
52,#003,m1,UV,15.69955171
3498,#022,m1,UV,15.69955171
1932,#009,m1,UV,15.70105139
2083,#009,m1,UV,15.70348506
6040,#263,m1,UV,15.70348506
7298,#282,m1,UV,15.70703458
238,#003,m1,UV,15.70740771
8453,#289,m1,UV,15.70945819
7631,#282,m1,UV,15.71094761
11060,#970,m1,UV,15.71280723
34,#003,m1,UV,15.71317887
10270,#317,m1,UV,15.71355041
9330,#303,m1,UV,15.71633393
10840,#970,m1,UV,15.7165193
1291,#006,m1,UV,15.71744583
3343,#022,m1,UV,15.71874197
5956,#263,m1,UV,15.7194821
8452,#289,m1,UV,15.72003694
11910,#974,m1,UV,15.72077641
2082,#009,m1,UV,15.72133076
6129,#263,m1,UV,15.72170021
2496,#009,m1,UV,15.72206956
6014,#263,m1,UV,15.72299253
6063,#263,m1,UV,15.72354603
10283,#317,m1,UV,15.7242837
11874,#974,m1,UV,15.72465239
12171,#974,m1,UV,15.72502099
12071,#974,m1,UV,15.72649444
1416,#006,m1,UV,15.72851799
7677,#282,m1,UV,15.72998788
2163,#009,m1,UV,15.7305387
7790,#282,m1,UV,15.73072226
9525,#303,m1,UV,15.73145627
7404,#282,m1,UV,15.73603538
10863,#970,m1,UV,15.73603538
9693,#303,m1,UV,15.73895841
5932,#263,m1,UV,15.74169338
1084,#006,m1,UV,15.74205765
7716,#282,m1,UV,15.74260388
7777,#282,m1,UV,15.74260388
11110,#970,m1,UV,15.74260388
1271,#006,m1,UV,15.74278591
11228,#970,m1,UV,15.74296792
3298,#022,m1,UV,15.74460497
4373,#131,m1,UV,15.74460497
7445,#282,m1,UV,15.74460497
10873,#970,m1,UV,15.74478675
4681,#258,m1,UV,15.74515024
2065,#009,m1,UV,15.74642174
3616,#022,m1,UV,15.74678482
5874,#263,m1,UV,15.74696632
7688,#282,m1,UV,15.74696632
1945,#009,m1,UV,15.749505
10994,#970,m1,UV,15.75041059
12035,#974,m1,UV,15.75240089
8360,#289,m1,UV,15.75276247
12019,#974,m1,UV,15.75474953
10924,#970,m1,UV,15.75637327
7782,#282,m1,UV,15.75763492
11045,#970,m1,UV,15.75763492
7746,#282,m1,UV,15.75835537
167,#003,m1,UV,15.75853542
2402,#009,m1,UV,15.75871546
2047,#009,m1,UV,15.75997506
3484,#022,m1,UV,15.76051455
8388,#289,m1,UV,15.76141326
7138,#281,m1,UV,15.76338845
8225,#289,m1,UV,15.76338845
9528,#303,m1,UV,15.76482325
11242,#970,m1,UV,15.7650025
336,#003,m1,UV,15.76571928
9018,#291,m1,UV,15.76571928
2130,#009,m1,UV,15.76661475
140,#003,m1,UV,15.76715177
7793,#282,m1,UV,15.76786748
448,#003,m1,UV,15.76894038
9684,#303,m1,UV,15.76894038
5076,#258,m1,UV,15.77019109
11131,#970,m1,UV,15.77375859
4920,#258,m1,UV,15.77464909
10178,#317,m1,UV,15.77482712
278,#003,m1,UV,15.77536109
11189,#970,m1,UV,15.7762506
5935,#263,m1,UV,15.77785033
4620,#258,m1,UV,15.77838319
4441,#131,m1,UV,15.77856076
7849,#282,m1,UV,15.78193051
4353,#131,m1,UV,15.78405472
9472,#303,m1,UV,15.78546913
9608,#303,m1,UV,15.78564583
5854,#263,m1,UV,15.78617581
380,#003,m1,UV,15.78688215
2490,#009,m1,UV,15.78741168
2314,#009,m1,UV,15.78811741
10219,#317,m1,UV,15.78829379
334,#003,m1,UV,15.78970405
4510,#131,m1,UV,15.79023254
7471,#282,m1,UV,15.79058476
3463,#022,m1,UV,15.79445352
9637,#303,m1,UV,15.79445352
1337,#006,m1,UV,15.79533134
4381,#131,m1,UV,15.79620862
3304,#022,m1,UV,15.79673474
1091,#006,m1,UV,15.7979616
221,#003,m1,UV,15.80023728
5977,#263,m1,UV,15.80198536
7664,#282,m1,UV,15.80216006
74,#003,m1,UV,15.80285861
4814,#258,m1,UV,15.80460353
7591,#282,m1,UV,15.80982564
7689,#282,m1,UV,15.80999939
10987,#970,m1,UV,15.8105205
4734,#258,m1,UV,15.81069416
3551,#022,m1,UV,15.81242963
8301,#289,m1,UV,15.81398977
9416,#303,m1,UV,15.81398977
7213,#281,m1,UV,15.81554822
4470,#131,m1,UV,15.81606733
7535,#282,m1,UV,15.8169321
7382,#282,m1,UV,15.81727787
4907,#258,m1,UV,15.81848738
7605,#282,m1,UV,15.81883277
300,#003,m1,UV,15.82038601
430,#003,m1,UV,15.82142057
10171,#317,m1,UV,15.82469179
10268,#317,m1,UV,15.82658227
6030,#263,m1,UV,15.82744077
7761,#282,m1,UV,15.83086963
11267,#970,m1,UV,15.83172558
8541,#289,m1,UV,15.83292305
3605,#022,m1,UV,15.83480278
8592,#289,m1,UV,15.83633892
10129,#317,m1,UV,15.83736211
131,#003,m1,UV,15.83855492
9426,#303,m1,UV,15.83940631
11257,#970,m1,UV,15.83957653
5934,#263,m1,UV,15.84348605
10928,#970,m1,UV,15.84382551
12021,#974,m1,UV,15.84450418
8608,#289,m1,UV,15.84501298
8445,#289,m1,UV,15.84670768
4412,#131,m1,UV,15.8472157
7694,#282,m1,UV,15.84772354
9362,#303,m1,UV,15.84772354
220,#003,m1,UV,15.848062
3490,#022,m1,UV,15.8495841
4516,#131,m1,UV,15.85161107
2310,#009,m1,UV,15.85194862
11924,#974,m1,UV,15.85194862
6933,#281,m1,UV,15.85346663
7408,#282,m1,UV,15.85649785
8443,#289,m1,UV,15.85649785
8492,#289,m1,UV,15.85649785
9374,#303,m1,UV,15.85817912
2254,#009,m1,UV,15.85834714
4480,#131,m1,UV,15.85851514
11062,#970,m1,UV,15.85868312
10282,#317,m1,UV,15.85885108
7792,#282,m1,UV,15.85901902
10974,#970,m1,UV,15.86002625
9338,#303,m1,UV,15.86019406
8459,#289,m1,UV,15.86052961
2228,#009,m1,UV,15.86120047
4505,#131,m1,UV,15.86120047
4434,#131,m1,UV,15.86337863
7361,#282,m1,UV,15.86337863
1156,#006,m1,UV,15.86354604
4260,#131,m1,UV,15.86572067
12080,#974,m1,UV,15.86672324
8514,#289,m1,UV,15.86689026
1343,#006,m1,UV,15.86739123
11869,#974,m1,UV,15.86822578
5144,#258,m1,UV,15.86889308
9477,#303,m1,UV,15.87022675
6010,#263,m1,UV,15.87105966
8952,#291,m1,UV,15.8713927
1039,#006,m1,UV,15.87289039
6165,#263,m1,UV,15.87687665
3408,#022,m1,UV,15.87720835
12131,#974,m1,UV,15.87903129
1233,#006,m1,UV,15.87952806
2217,#009,m1,UV,15.87969361
5074,#258,m1,UV,15.88432135
1167,#006,m1,UV,15.88613533
7521,#282,m1,UV,15.8867944
8299,#289,m1,UV,15.88860528
10872,#970,m1,UV,15.88926321
2452,#009,m1,UV,15.891071
11835,#974,m1,UV,15.89139945
5080,#258,m1,UV,15.89189197
7140,#281,m1,UV,15.89336855
3245,#022,m1,UV,15.89353252
10236,#317,m1,UV,15.89435209
7343,#282,m1,UV,15.89566244
9559,#303,m1,UV,15.89991288
11245,#970,m1,UV,15.90040251
10949,#970,m1,UV,15.90072883
268,#003,m1,UV,15.90105509
1127,#006,m1,UV,15.90154433
7529,#282,m1,UV,15.90415083
11256,#970,m1,UV,15.90545231
2159,#009,m1,UV,15.90610261
9535,#303,m1,UV,15.90870089
4275,#131,m1,UV,15.90967404
10909,#970,m1,UV,15.9104845
4741,#258,m1,UV,15.91194218
2414,#009,m1,UV,15.91242774
5980,#263,m1,UV,15.91291315
3658,#022,m1,UV,15.91388346
11249,#970,m1,UV,15.91566068
4374,#131,m1,UV,15.91630639
302,#003,m1,UV,15.91646778
8351,#289,m1,UV,15.91646778
7339,#282,m1,UV,15.92130093
10292,#317,m1,UV,15.92210488
4878,#258,m1,UV,15.92290839
9349,#303,m1,UV,15.92403255
10221,#317,m1,UV,15.92499541
8530,#289,m1,UV,15.92515583
308,#003,m1,UV,15.92547661
1195,#006,m1,UV,15.92611795
11138,#970,m1,UV,15.92788016
11945,#974,m1,UV,15.92804026
363,#003,m1,UV,15.93027972
11261,#970,m1,UV,15.93171755
11104,#970,m1,UV,15.93442953
2344,#009,m1,UV,15.9345889
3440,#022,m1,UV,15.9352262
8481,#289,m1,UV,15.93554475
11258,#970,m1,UV,15.93586323
12123,#974,m1,UV,15.93681823
2426,#009,m1,UV,15.9372955
4386,#131,m1,UV,15.93888524
11227,#970,m1,UV,15.93904412
4994,#258,m1,UV,15.93936183
8526,#289,m1,UV,15.93952065
8943,#291,m1,UV,15.93967946
3504,#022,m1,UV,15.93983825
9065,#291,m1,UV,15.9414252
4766,#258,m1,UV,15.94174238
1884,#009,m1,UV,15.94190094
5913,#263,m1,UV,15.94316883
8295,#289,m1,UV,15.94316883
9567,#303,m1,UV,15.94491036
4553,#258,m1,UV,15.94649174
7608,#282,m1,UV,15.94743974
42,#003,m1,UV,15.9477556
9055,#291,m1,UV,15.94933387
6953,#281,m1,UV,15.95091041
8401,#289,m1,UV,15.9521704
4711,#258,m1,UV,15.95264262
344,#003,m1,UV,15.95295734
11298,#970,m1,UV,15.95311468
2233,#009,m1,UV,15.95437275
11911,#974,m1,UV,15.95484425
1340,#006,m1,UV,15.95547267
1983,#009,m1,UV,15.95672869
4499,#131,m1,UV,15.95766998
4469,#131,m1,UV,15.95829717
8409,#289,m1,UV,15.95892409
438,#003,m1,UV,15.95970736
3220,#022,m1,UV,15.96189824
3558,#022,m1,UV,15.96252359
2311,#009,m1,UV,15.96361731
9623,#303,m1,UV,15.96595821
3435,#022,m1,UV,15.96658181
1452,#006,m1,UV,15.96798392
4752,#258,m1,UV,15.96876228
1232,#006,m1,UV,15.97078406
2399,#009,m1,UV,15.97156092
11097,#970,m1,UV,15.97249259
11128,#970,m1,UV,15.97373389
4431,#131,m1,UV,15.97466416
4916,#258,m1,UV,15.97481914
4478,#131,m1,UV,15.97822465
7417,#282,m1,UV,15.97837925
6079,#263,m1,UV,15.97868841
11984,#974,m1,UV,15.97946102
2388,#009,m1,UV,15.98038761
451,#003,m1,UV,15.98162213
1122,#006,m1,UV,15.98270148
5059,#258,m1,UV,15.98501164
11864,#974,m1,UV,15.98516552
7517,#282,m1,UV,15.98870022
9389,#303,m1,UV,15.98946749
6056,#263,m1,UV,15.98992765
10232,#317,m1,UV,15.99008101
12105,#974,m1,UV,15.99283863
11108,#970,m1,UV,15.99390961
5023,#258,m1,UV,15.99421546
4772,#258,m1,UV,15.99620191
2151,#009,m1,UV,15.9972704
9355,#303,m1,UV,15.99925265
1282,#006,m1,UV,16.00001433
449,#003,m1,UV,16.00077561
2499,#009,m1,UV,16.00108001
3617,#022,m1,UV,16.00153648
194,#003,m1,UV,16.00199281
10866,#970,m1,UV,16.00305703
2291,#009,m1,UV,16.0036648
3582,#022,m1,UV,16.00518311
330,#003,m1,UV,16.00624497
4929,#258,m1,UV,16.0063966
8290,#289,m1,UV,16.00776057
6059,#263,m1,UV,16.00821494
4714,#258,m1,UV,16.00866916
9597,#303,m1,UV,16.01108928
9379,#303,m1,UV,16.01169368
5152,#258,m1,UV,16.01199578
10237,#317,m1,UV,16.01471187
123,#003,m1,UV,16.01516406
8985,#291,m1,UV,16.01591738
4739,#258,m1,UV,16.01651976
12099,#974,m1,UV,16.01922735
2298,#009,m1,UV,16.02312937
12070,#974,m1,UV,16.02327924
2001,#009,m1,UV,16.02492675
7455,#282,m1,UV,16.0258246
3384,#022,m1,UV,16.02612376
4659,#258,m1,UV,16.02627331
9381,#303,m1,UV,16.02702086
1980,#009,m1,UV,16.02941042
11219,#970,m1,UV,16.03045461
3218,#022,m1,UV,16.03105095
6048,#263,m1,UV,16.03149804
7637,#282,m1,UV,16.03194499
307,#003,m1,UV,16.03268961
6135,#263,m1,UV,16.03402895
7883,#282,m1,UV,16.03417769
10966,#970,m1,UV,16.03640694
1144,#006,m1,UV,16.03655544
8532,#289,m1,UV,16.03803954
9609,#303,m1,UV,16.04085513
9363,#303,m1,UV,16.04174313
9563,#303,m1,UV,16.04189107
1378,#006,m1,UV,16.04263057
9346,#303,m1,UV,16.0432219
1223,#006,m1,UV,16.04396072
7797,#282,m1,UV,16.04455151
4543,#258,m1,UV,16.04632241
8354,#289,m1,UV,16.04941627
7338,#282,m1,UV,16.04971058
12000,#974,m1,UV,16.04985771
8363,#289,m1,UV,16.05103422
6128,#263,m1,UV,16.05147516
8328,#289,m1,UV,16.05206288
10996,#970,m1,UV,16.05235665
4575,#258,m1,UV,16.05279719
2407,#009,m1,UV,16.05323759
10880,#970,m1,UV,16.05514446
1060,#006,m1,UV,16.0554376
2099,#009,m1,UV,16.0554376
5867,#263,m1,UV,16.0561702
8607,#289,m1,UV,16.0561702
3581,#022,m1,UV,16.05646313
6125,#263,m1,UV,16.05690242
1019,#006,m1,UV,16.0571952
4636,#258,m1,UV,16.0571952
7214,#281,m1,UV,16.0571952
8579,#289,m1,UV,16.05821948
2495,#009,m1,UV,16.05895066
4866,#258,m1,UV,16.05895066
7079,#281,m1,UV,16.05938919
8242,#289,m1,UV,16.05953534
5162,#258,m1,UV,16.05968147
6157,#263,m1,UV,16.05968147
4731,#258,m1,UV,16.06085
5873,#263,m1,UV,16.06274685
9380,#303,m1,UV,16.06274685
7315,#282,m1,UV,16.06434992
7841,#282,m1,UV,16.0646412
9564,#303,m1,UV,16.06566021
4471,#131,m1,UV,16.0660967
1445,#006,m1,UV,16.06638763
7076,#281,m1,UV,16.06653307
7394,#282,m1,UV,16.06755074
2308,#009,m1,UV,16.0694388
7350,#282,m1,UV,16.07161426
11868,#974,m1,UV,16.07320752
8501,#289,m1,UV,16.07349701
1292,#006,m1,UV,16.07450979
3341,#022,m1,UV,16.0750882
7307,#282,m1,UV,16.07566637
7532,#282,m1,UV,16.07624432
71,#003,m1,UV,16.07696642
8261,#289,m1,UV,16.07725516
4380,#131,m1,UV,16.0782653
3577,#022,m1,UV,16.07884221
9064,#291,m1,UV,16.07941888
6904,#281,m1,UV,16.07985124
1021,#006,m1,UV,16.07999533
10894,#970,m1,UV,16.08028346
306,#003,m1,UV,16.08201107
8213,#289,m1,UV,16.0822988
4400,#131,m1,UV,16.0828741
8370,#289,m1,UV,16.0828741
154,#003,m1,UV,16.08330542
362,#003,m1,UV,16.08689475
7340,#282,m1,UV,16.08718151
7798,#282,m1,UV,16.0899029
11061,#970,m1,UV,16.09004599
6070,#263,m1,UV,16.09161903
1151,#006,m1,UV,16.09219062
7822,#282,m1,UV,16.09219062
8280,#289,m1,UV,16.09247633
12156,#974,m1,UV,16.09447472
8488,#289,m1,UV,16.09490259
11939,#974,m1,UV,16.09689763
8307,#289,m1,UV,16.09789411
3513,#022,m1,UV,16.09888991
12016,#974,m1,UV,16.09888991
2315,#009,m1,UV,16.09945862
3657,#022,m1,UV,16.09988502
7501,#282,m1,UV,16.10087944
4370,#131,m1,UV,16.10173126
226,#003,m1,UV,16.10215698
8521,#289,m1,UV,16.10229886
305,#003,m1,UV,16.1042837
4304,#131,m1,UV,16.10485029
9549,#303,m1,UV,16.10612432
7407,#282,m1,UV,16.1079626
10876,#970,m1,UV,16.10866901
1989,#009,m1,UV,16.10895147
10286,#317,m1,UV,16.10923388
8217,#289,m1,UV,16.11092719
4716,#258,m1,UV,16.11360419
4806,#258,m1,UV,16.11472987
7448,#282,m1,UV,16.11557355
7442,#282,m1,UV,16.11585467
10162,#317,m1,UV,16.11669769
10969,#970,m1,UV,16.11725943
1302,#006,m1,UV,16.11866283
2160,#009,m1,UV,16.1188031
5091,#258,m1,UV,16.1196444
35,#003,m1,UV,16.12034511
8257,#289,m1,UV,16.12174552
7887,#282,m1,UV,16.12356401
10179,#317,m1,UV,16.12440254
5157,#258,m1,UV,16.1249613
7802,#282,m1,UV,16.12538022
2292,#009,m1,UV,16.12607815
7452,#282,m1,UV,16.12733358
9553,#303,m1,UV,16.12733358
4482,#131,m1,UV,16.12775181
118,#003,m1,UV,16.12858791
8333,#289,m1,UV,16.12872721
4306,#131,m1,UV,16.12900578
1926,#009,m1,UV,16.13067605
7397,#282,m1,UV,16.13178849
4600,#258,m1,UV,16.13206647
2134,#009,m1,UV,16.13345554
4308,#131,m1,UV,16.13359438
5090,#258,m1,UV,16.1340108
1905,#009,m1,UV,16.13428835
199,#003,m1,UV,16.13553665
1203,#006,m1,UV,16.13553665
5150,#258,m1,UV,16.13692239
1296,#006,m1,UV,16.13747632
7823,#282,m1,UV,16.13844517
56,#003,m1,UV,16.1388602
2378,#009,m1,UV,16.13899851
4751,#258,m1,UV,16.13913682
168,#003,m1,UV,16.14134784
3458,#022,m1,UV,16.14217611
8460,#289,m1,UV,16.14259006
8489,#289,m1,UV,16.14327972
8508,#289,m1,UV,16.14355549
4278,#131,m1,UV,16.14534671
9531,#303,m1,UV,16.1463103
11290,#970,m1,UV,16.1463103
9469,#303,m1,UV,16.14658549
11123,#970,m1,UV,16.14782321
8545,#289,m1,UV,16.14837296
1923,#009,m1,UV,16.15207834
9622,#303,m1,UV,16.15235244
11078,#970,m1,UV,16.15235244
5978,#263,m1,UV,16.15276348
4941,#258,m1,UV,16.15317441
9654,#303,m1,UV,16.15755036
7082,#281,m1,UV,16.15905153
11209,#970,m1,UV,16.15918792
11830,#974,m1,UV,16.16109607
9414,#303,m1,UV,16.16164079
9651,#303,m1,UV,16.16245749
11106,#970,m1,UV,16.16775478
9586,#303,m1,UV,16.17046381
10912,#970,m1,UV,16.17046381
8482,#289,m1,UV,16.1727625
382,#003,m1,UV,16.17600147
11899,#974,m1,UV,16.17627106
11195,#970,m1,UV,16.17721422
6957,#281,m1,UV,16.1792332
9422,#303,m1,UV,16.18030883
9705,#303,m1,UV,16.18057762
9616,#303,m1,UV,16.18111503
11295,#970,m1,UV,16.18286026
10997,#970,m1,UV,16.1842013
2293,#009,m1,UV,16.18527324
4861,#258,m1,UV,16.18647822
166,#003,m1,UV,16.18674586
1133,#006,m1,UV,16.18687966
2489,#009,m1,UV,16.18794961
2483,#009,m1,UV,16.18835063
9405,#303,m1,UV,16.19048756
11087,#970,m1,UV,16.19342069
1911,#009,m1,UV,16.19382019
7352,#282,m1,UV,16.19382019
3532,#022,m1,UV,16.19421959
2369,#009,m1,UV,16.19528412
1160,#006,m1,UV,16.19780922
7391,#282,m1,UV,16.19794199
12030,#974,m1,UV,16.19966699
1163,#006,m1,UV,16.20046245
9665,#303,m1,UV,16.20046245
10915,#970,m1,UV,16.20390437
6166,#263,m1,UV,16.2041688
7819,#282,m1,UV,16.2050939
1260,#006,m1,UV,16.20786565
4661,#258,m1,UV,16.20826118
8334,#289,m1,UV,16.208393
1072,#006,m1,UV,16.20892015
8332,#289,m1,UV,16.20944712
393,#003,m1,UV,16.20957883
7866,#282,m1,UV,16.21273629
7409,#282,m1,UV,16.21575571
7359,#282,m1,UV,16.21641127
11286,#970,m1,UV,16.21759054
7207,#281,m1,UV,16.22020767
11079,#970,m1,UV,16.22190627
11955,#974,m1,UV,16.22268956
12036,#974,m1,UV,16.22412449
12003,#974,m1,UV,16.22451559
1221,#006,m1,UV,16.22529747
5151,#258,m1,UV,16.22672981
7296,#282,m1,UV,16.22685995
10169,#317,m1,UV,16.23166699
5001,#258,m1,UV,16.23257463
4593,#258,m1,UV,16.2334817
4614,#258,m1,UV,16.23387027
9702,#303,m1,UV,16.23451766
7600,#282,m1,UV,16.2346471
1172,#006,m1,UV,16.23542351
11234,#970,m1,UV,16.2361995
7572,#282,m1,UV,16.23671659
12165,#974,m1,UV,16.2372335
2067,#009,m1,UV,16.23775023
4299,#131,m1,UV,16.23787938
8419,#289,m1,UV,16.23787938
10218,#317,m1,UV,16.23826677
7321,#282,m1,UV,16.23839587
11095,#970,m1,UV,16.23852497
8231,#289,m1,UV,16.24239244
3487,#022,m1,UV,16.24303601
10212,#317,m1,UV,16.24329336
11248,#970,m1,UV,16.24355066
10269,#317,m1,UV,16.24393653
9013,#291,m1,UV,16.24419372
8446,#289,m1,UV,16.24573588
8263,#289,m1,UV,16.24676308
9578,#303,m1,UV,16.24843071
5909,#263,m1,UV,16.24881527
9034,#291,m1,UV,16.24932787
4634,#258,m1,UV,16.25060856
1925,#009,m1,UV,16.25112051
10090,#317,m1,UV,16.25278312
1988,#009,m1,UV,16.25354983
10197,#317,m1,UV,16.25520964
2282,#009,m1,UV,16.25584752
88,#003,m1,UV,16.25674008
2143,#009,m1,UV,16.26182986
7305,#282,m1,UV,16.26221087
1986,#009,m1,UV,16.26424122
11859,#974,m1,UV,16.26614209
1087,#006,m1,UV,16.26715487
1251,#006,m1,UV,16.26715487
5952,#263,m1,UV,16.26753447
4565,#258,m1,UV,16.26955736
6120,#263,m1,UV,16.27018893
1198,#006,m1,UV,16.27107266
6045,#263,m1,UV,16.27258637
4609,#258,m1,UV,16.27435037
7754,#282,m1,UV,16.27485397
8562,#289,m1,UV,16.27611221
8430,#289,m1,UV,16.27648946
9071,#291,m1,UV,16.27661519
11898,#974,m1,UV,16.27699232
1182,#006,m1,UV,16.27736935
11926,#974,m1,UV,16.27837427
11856,#974,m1,UV,16.27875094
7432,#282,m1,UV,16.28201127
9558,#303,m1,UV,16.28576405
6075,#263,m1,UV,16.2882605
10832,#970,m1,UV,16.28850991
7695,#282,m1,UV,16.28888394
1447,#006,m1,UV,16.29062813
4439,#131,m1,UV,16.29087712
2103,#009,m1,UV,16.29187269
2235,#009,m1,UV,16.29274324
1969,#009,m1,UV,16.29522765
2305,#009,m1,UV,16.29783168
4796,#258,m1,UV,16.29832715
9717,#303,m1,UV,16.29944135
86,#003,m1,UV,16.29993627
1301,#006,m1,UV,16.3009256
2068,#009,m1,UV,16.30253182
9067,#291,m1,UV,16.30438294
3456,#022,m1,UV,16.30536922
9058,#291,m1,UV,16.30623168
69,#003,m1,UV,16.30697051
7598,#282,m1,UV,16.30697051
3285,#022,m1,UV,16.30844704
3357,#022,m1,UV,16.30844704
8362,#289,m1,UV,16.30918474
276,#003,m1,UV,16.31335793
5145,#258,m1,UV,16.31458304
11034,#970,m1,UV,16.31519521
96,#003,m1,UV,16.31568476
4589,#258,m1,UV,16.31703016
9357,#303,m1,UV,16.31849644
8511,#289,m1,UV,16.31935108
5115,#258,m1,UV,16.31983922
10188,#317,m1,UV,16.32008322
7370,#282,m1,UV,16.32044916
7411,#282,m1,UV,16.32057111
12084,#974,m1,UV,16.32811241
7306,#282,m1,UV,16.32896137
2063,#009,m1,UV,16.32932506
6051,#263,m1,UV,16.33065781
4273,#131,m1,UV,16.33114214
366,#003,m1,UV,16.33138424
181,#003,m1,UV,16.3316263
4896,#258,m1,UV,16.3316263
7829,#282,m1,UV,16.33235225
201,#003,m1,UV,16.33271508
2362,#009,m1,UV,16.33271508
8995,#291,m1,UV,16.33380304
9643,#303,m1,UV,16.33440711
1424,#006,m1,UV,16.33537309
4817,#258,m1,UV,16.33537309
8964,#291,m1,UV,16.3354938
5071,#258,m1,UV,16.33645905
437,#003,m1,UV,16.33706201
1920,#009,m1,UV,16.33742366
11150,#970,m1,UV,16.33742366
2296,#009,m1,UV,16.33850808
2425,#009,m1,UV,16.33874895
3260,#022,m1,UV,16.34007302
9536,#303,m1,UV,16.34067447
10083,#317,m1,UV,16.34175644
3519,#022,m1,UV,16.34439786
1224,#006,m1,UV,16.34475768
6149,#263,m1,UV,16.34679497
365,#003,m1,UV,16.34787236
6170,#263,m1,UV,16.34882937
8326,#289,m1,UV,16.35217393
9547,#303,m1,UV,16.35217393
11853,#974,m1,UV,16.35265109
442,#003,m1,UV,16.35277035
2348,#009,m1,UV,16.35420077
7387,#282,m1,UV,16.35431991
9593,#303,m1,UV,16.35455815
428,#003,m1,UV,16.35467726
7500,#282,m1,UV,16.35467726
4423,#131,m1,UV,16.35527265
4646,#258,m1,UV,16.35705736
6905,#281,m1,UV,16.35765177
12095,#974,m1,UV,16.3580083
11090,#970,m1,UV,16.36073876
9620,#303,m1,UV,16.3621613
3262,#022,m1,UV,16.36358245
9488,#303,m1,UV,16.36405585
4685,#258,m1,UV,16.3644108
4905,#258,m1,UV,16.3645291
4795,#258,m1,UV,16.36535691
4432,#131,m1,UV,16.36559334
1385,#006,m1,UV,16.36807351
2080,#009,m1,UV,16.3683095
9652,#303,m1,UV,16.3683095
6930,#281,m1,UV,16.36913514
7303,#282,m1,UV,16.36925305
4876,#258,m1,UV,16.37208002
3231,#022,m1,UV,16.37372653
7697,#282,m1,UV,16.37466655
3261,#022,m1,UV,16.37513633
5148,#258,m1,UV,16.37560596
250,#003,m1,UV,16.37666206
6924,#281,m1,UV,16.37748294
7770,#282,m1,UV,16.37760017
2384,#009,m1,UV,16.37830335
7821,#282,m1,UV,16.37947456
7878,#282,m1,UV,16.37947456
6885,#281,m1,UV,16.38181413
9486,#303,m1,UV,16.38216474
8540,#289,m1,UV,16.3827489
9359,#303,m1,UV,16.3828657
126,#003,m1,UV,16.38449995
4919,#258,m1,UV,16.38461661
6990,#281,m1,UV,16.38531638
4483,#131,m1,UV,16.38601582
5149,#258,m1,UV,16.38683139
11202,#970,m1,UV,16.38741366
5949,#263,m1,UV,16.3897404
11927,#974,m1,UV,16.39090237
1026,#006,m1,UV,16.39171519
120,#003,m1,UV,16.39287556
1971,#009,m1,UV,16.39310753
2415,#009,m1,UV,16.39403501
2011,#009,m1,UV,16.3972765
7828,#282,m1,UV,16.39739213
4601,#258,m1,UV,16.39785457
157,#003,m1,UV,16.39981829
2297,#009,m1,UV,16.40166405
4740,#258,m1,UV,16.40166405
204,#003,m1,UV,16.40431321
10975,#970,m1,UV,16.40523351
2374,#009,m1,UV,16.40672776
4660,#258,m1,UV,16.40902358
7004,#281,m1,UV,16.4110867
1422,#006,m1,UV,16.41211716
11904,#974,m1,UV,16.41246048
2154,#009,m1,UV,16.4136043
5974,#263,m1,UV,16.4136043
9548,#303,m1,UV,16.4150899
1218,#006,m1,UV,16.41531832
10220,#317,m1,UV,16.41657398
9613,#303,m1,UV,16.41725843
4281,#131,m1,UV,16.42090332
3358,#022,m1,UV,16.42124456
371,#003,m1,UV,16.42181311
9666,#303,m1,UV,16.42192679
2477,#009,m1,UV,16.42351742
3635,#022,m1,UV,16.42363097
11263,#970,m1,UV,16.4246525
1993,#009,m1,UV,16.42487941
9335,#303,m1,UV,16.42635346
3648,#022,m1,UV,16.42884458
7203,#281,m1,UV,16.42895771
2108,#009,m1,UV,16.43189599
434,#003,m1,UV,16.43358843
9642,#303,m1,UV,16.43426485
9487,#303,m1,UV,16.43494096
8361,#289,m1,UV,16.43527889
4270,#131,m1,UV,16.43595452
9465,#303,m1,UV,16.43674235
7767,#282,m1,UV,16.43707987
4985,#258,m1,UV,16.43764221
1321,#006,m1,UV,16.43786709
315,#003,m1,UV,16.43831674
6104,#263,m1,UV,16.44112386
6952,#281,m1,UV,16.44235727
7523,#282,m1,UV,16.44403749
1399,#006,m1,UV,16.44515656
4551,#258,m1,UV,16.44627475
4456,#131,m1,UV,16.44750377
7287,#282,m1,UV,16.44772711
2191,#009,m1,UV,16.44917801
6132,#263,m1,UV,16.44984716
11073,#970,m1,UV,16.44995866
11002,#970,m1,UV,16.45062745
7674,#282,m1,UV,16.45118454
11025,#970,m1,UV,16.45118454
11112,#970,m1,UV,16.45174141
10195,#317,m1,UV,16.45185276
1389,#006,m1,UV,16.45207544
8403,#289,m1,UV,16.45441142
3294,#022,m1,UV,16.45474483
5062,#258,m1,UV,16.4568546
2486,#009,m1,UV,16.45763111
11215,#970,m1,UV,16.45785289
4801,#258,m1,UV,16.45807464
10265,#317,m1,UV,16.4581855
10831,#970,m1,UV,16.4581855
1323,#006,m1,UV,16.45873968
10243,#317,m1,UV,16.46017955
7349,#282,m1,UV,16.4606223
7301,#282,m1,UV,16.46150739
7390,#282,m1,UV,16.46228139
8948,#291,m1,UV,16.46349685
11223,#970,m1,UV,16.4636073
5045,#258,m1,UV,16.46658614
3361,#022,m1,UV,16.46746758
11309,#970,m1,UV,16.46966882
1089,#006,m1,UV,16.47065829
3495,#022,m1,UV,16.47340325
1297,#006,m1,UV,16.47515728
8418,#289,m1,UV,16.475924
7507,#282,m1,UV,16.4760335
11152,#970,m1,UV,16.47701861
3628,#022,m1,UV,16.47986072
10289,#317,m1,UV,16.48215218
5836,#263,m1,UV,16.48226121
11031,#970,m1,UV,16.48269723
7557,#282,m1,UV,16.48378672
8983,#291,m1,UV,16.48378672
10925,#970,m1,UV,16.48378672
9619,#303,m1,UV,16.48552818
9334,#303,m1,UV,16.48563695
7868,#282,m1,UV,16.48628941
7467,#282,m1,UV,16.48694158
11999,#974,m1,UV,16.48835359
1264,#006,m1,UV,16.48900482
12048,#974,m1,UV,16.48900482
7070,#281,m1,UV,16.48933032
2375,#009,m1,UV,16.48965576
5135,#258,m1,UV,16.49019798
3645,#022,m1,UV,16.49106511
8577,#289,m1,UV,16.49193173
7503,#282,m1,UV,16.49355523
3580,#022,m1,UV,16.4936634
1077,#006,m1,UV,16.49571705
7049,#281,m1,UV,16.496257
8583,#289,m1,UV,16.49636497
3601,#022,m1,UV,16.49841479
7564,#282,m1,UV,16.49841479
8259,#289,m1,UV,16.50465418
113,#003,m1,UV,16.50551267
10151,#317,m1,UV,16.5061562
1885,#009,m1,UV,16.5070138
2474,#009,m1,UV,16.51001139
11149,#970,m1,UV,16.51129417
12118,#974,m1,UV,16.51140101
7602,#282,m1,UV,16.51310948
1425,#006,m1,UV,16.51406961
10823,#970,m1,UV,16.51438951
4462,#131,m1,UV,16.51460273
3326,#022,m1,UV,16.51470933
11951,#974,m1,UV,16.51630742
6956,#281,m1,UV,16.51662682
4436,#131,m1,UV,16.51843544
9059,#291,m1,UV,16.5199232
7652,#282,m1,UV,16.5206665
1326,#006,m1,UV,16.52109107
3557,#022,m1,UV,16.52193984
2451,#009,m1,UV,16.52257609
7379,#282,m1,UV,16.52278811
301,#003,m1,UV,16.5230001
7827,#282,m1,UV,16.52321206
8996,#291,m1,UV,16.52448315
4918,#258,m1,UV,16.52575313
7671,#282,m1,UV,16.52607045
25,#003,m1,UV,16.52681059
11050,#970,m1,UV,16.52681059
10954,#970,m1,UV,16.5269163
9341,#303,m1,UV,16.52733903
11120,#970,m1,UV,16.527656
10903,#970,m1,UV,16.53040018
7539,#282,m1,UV,16.53061105
6033,#263,m1,UV,16.53313914
2037,#009,m1,UV,16.53429637
8590,#289,m1,UV,16.5350323
2472,#009,m1,UV,16.53555774
1339,#006,m1,UV,16.53608299
11222,#970,m1,UV,16.53639804
10898,#970,m1,UV,16.53702795
7692,#282,m1,UV,16.53776249
3548,#022,m1,UV,16.53828694
3499,#022,m1,UV,16.54101098
5048,#258,m1,UV,16.54247564
4803,#258,m1,UV,16.54362541
4786,#258,m1,UV,16.54425217
4559,#258,m1,UV,16.54800702
7135,#281,m1,UV,16.54998481
8599,#289,m1,UV,16.55060881
4673,#258,m1,UV,16.55216764
7832,#282,m1,UV,16.55310213
2204,#009,m1,UV,16.55517661
5064,#258,m1,UV,16.55569476
2488,#009,m1,UV,16.55590197
9529,#303,m1,UV,16.55745509
364,#003,m1,UV,16.55755857
3276,#022,m1,UV,16.55941998
4454,#131,m1,UV,16.55941998
7513,#282,m1,UV,16.55941998
224,#003,m1,UV,16.5622076
10173,#317,m1,UV,16.56323869
386,#003,m1,UV,16.56488689
11908,#974,m1,UV,16.56498984
287,#003,m1,UV,16.56540157
164,#003,m1,UV,16.56612181
8455,#289,m1,UV,16.56643038
9331,#303,m1,UV,16.56704731
7291,#282,m1,UV,16.56961502
4935,#258,m1,UV,16.57146095
1009,#006,m1,UV,16.5722806
1143,#006,m1,UV,16.57289504
1032,#006,m1,UV,16.57391852
67,#003,m1,UV,16.57412313
10885,#970,m1,UV,16.57647404
11144,#970,m1,UV,16.57831122
9461,#303,m1,UV,16.57984042
7446,#282,m1,UV,16.58034979
9404,#303,m1,UV,16.58045164
9343,#303,m1,UV,16.58126621
4331,#131,m1,UV,16.58218204
1996,#009,m1,UV,16.58330061
11237,#970,m1,UV,16.58350389
3342,#022,m1,UV,16.58654969
7738,#282,m1,UV,16.5870567
7871,#282,m1,UV,16.58736082
4477,#131,m1,UV,16.58786755
1005,#006,m1,UV,16.58867794
2048,#009,m1,UV,16.59009502
10862,#970,m1,UV,16.59282405
111,#003,m1,UV,16.59413619
5088,#258,m1,UV,16.59443882
3488,#022,m1,UV,16.59514471
7491,#282,m1,UV,16.59726032
7811,#282,m1,UV,16.59766295
4514,#131,m1,UV,16.59866901
230,#003,m1,UV,16.59917178
10228,#317,m1,UV,16.60158263
68,#003,m1,UV,16.60258597
8287,#289,m1,UV,16.60348837
7401,#282,m1,UV,16.60378905
7543,#282,m1,UV,16.6053916
1020,#006,m1,UV,16.6059921
5072,#258,m1,UV,16.60659234
8357,#289,m1,UV,16.60709236
7731,#282,m1,UV,16.60719234
246,#003,m1,UV,16.60769215
6019,#263,m1,UV,16.60799195
4567,#258,m1,UV,16.60879112
3286,#022,m1,UV,16.60968965
7773,#282,m1,UV,16.61028836
9683,#303,m1,UV,16.61118596
1267,#006,m1,UV,16.61158472
7065,#281,m1,UV,16.61218264
4366,#131,m1,UV,16.61268073
8406,#289,m1,UV,16.61596376
11160,#970,m1,UV,16.61715574
8962,#291,m1,UV,16.61794985
1917,#009,m1,UV,16.61824753
1070,#006,m1,UV,16.61834674
8525,#289,m1,UV,16.61854515
1159,#006,m1,UV,16.619735
11013,#970,m1,UV,16.62042862
4737,#258,m1,UV,16.62122093
3241,#022,m1,UV,16.62290315
5835,#263,m1,UV,16.62329868
9674,#303,m1,UV,16.62399059
4926,#258,m1,UV,16.62428703
10930,#970,m1,UV,16.62724802
9557,#303,m1,UV,16.62754379
10932,#970,m1,UV,16.62754379
3554,#022,m1,UV,16.62843072
3480,#022,m1,UV,16.63010455
1381,#006,m1,UV,16.63069485
2290,#009,m1,UV,16.63098991
3559,#022,m1,UV,16.63177644
1141,#006,m1,UV,16.63285722
6947,#281,m1,UV,16.63285722
1062,#006,m1,UV,16.63295544
4639,#258,m1,UV,16.63295544
8441,#289,m1,UV,16.63305364
2450,#009,m1,UV,16.6334464
4484,#131,m1,UV,16.63354457
10897,#970,m1,UV,16.63442782
10209,#317,m1,UV,16.63824902
7550,#282,m1,UV,16.6391294
1310,#006,m1,UV,16.6395205
7729,#282,m1,UV,16.63981376
4765,#258,m1,UV,16.64049781
11902,#974,m1,UV,16.64049781
9579,#303,m1,UV,16.64323074
11157,#970,m1,UV,16.64332825
6130,#263,m1,UV,16.64342575
4316,#131,m1,UV,16.64362073
3406,#022,m1,UV,16.64479009
8,#003,m1,UV,16.64566649
2389,#009,m1,UV,16.64732045
7386,#282,m1,UV,16.64906965
7427,#282,m1,UV,16.64936097
7779,#282,m1,UV,16.64955516
4546,#258,m1,UV,16.65062271
1897,#009,m1,UV,16.65149557
1976,#009,m1,UV,16.65159252
5051,#258,m1,UV,16.65159252
10982,#970,m1,UV,16.65159252
7518,#282,m1,UV,16.65294916
8258,#289,m1,UV,16.65294916
10133,#317,m1,UV,16.65333654
4566,#258,m1,UV,16.65517517
3293,#022,m1,UV,16.65536858
2086,#009,m1,UV,16.65546527
452,#003,m1,UV,16.658556
8438,#289,m1,UV,16.65913478
1201,#006,m1,UV,16.65923122
8396,#289,m1,UV,16.65990612
4745,#258,m1,UV,16.6605807
7726,#282,m1,UV,16.66067704
9641,#303,m1,UV,16.66067704
6991,#281,m1,UV,16.66106235
2368,#009,m1,UV,16.66135127
1305,#006,m1,UV,16.66192892
1037,#006,m1,UV,16.66634995
7781,#282,m1,UV,16.66750104
4556,#258,m1,UV,16.6689386
1237,#006,m1,UV,16.67047043
7588,#282,m1,UV,16.67372018
10084,#317,m1,UV,16.67410202
9408,#303,m1,UV,16.67467459
1322,#006,m1,UV,16.67524694
12090,#974,m1,UV,16.67534231
1331,#006,m1,UV,16.67686736
2364,#009,m1,UV,16.67724837
11133,#970,m1,UV,16.67791489
11938,#974,m1,UV,16.67820045
12027,#974,m1,UV,16.67820045
1977,#009,m1,UV,16.67858111
2059,#009,m1,UV,16.67896167
9057,#291,m1,UV,16.67972248
27,#003,m1,UV,16.68019779
11103,#970,m1,UV,16.68086295
3395,#022,m1,UV,16.68219236
7775,#282,m1,UV,16.68342572
4557,#258,m1,UV,16.68683568
6906,#281,m1,UV,16.68768691
8436,#289,m1,UV,16.68806507
4378,#131,m1,UV,16.68825412
7818,#282,m1,UV,16.68825412
12154,#974,m1,UV,16.68891558
425,#003,m1,UV,16.68929342
7134,#281,m1,UV,16.69004881
2055,#009,m1,UV,16.69023759
7733,#282,m1,UV,16.69070945
6932,#281,m1,UV,16.69240685
3351,#022,m1,UV,16.69287799
7735,#282,m1,UV,16.69363151
9367,#303,m1,UV,16.69457284
9484,#303,m1,UV,16.69551357
4769,#258,m1,UV,16.69607771
2383,#009,m1,UV,16.6963597
1263,#006,m1,UV,16.69664163
17,#003,m1,UV,16.69880128
11905,#974,m1,UV,16.69908274
4487,#131,m1,UV,16.70133241
244,#003,m1,UV,16.70170701
9662,#303,m1,UV,16.70217513
6977,#281,m1,UV,16.7026431
4319,#131,m1,UV,16.70339153
4264,#131,m1,UV,16.70544772
7601,#282,m1,UV,16.70628804
8940,#291,m1,UV,16.70722116
1442,#006,m1,UV,16.70731444
1896,#009,m1,UV,16.70750098
7512,#282,m1,UV,16.70759424
9352,#303,m1,UV,16.70806045
12060,#974,m1,UV,16.70852651
8581,#289,m1,UV,16.70871289
10853,#970,m1,UV,16.71076152
11913,#974,m1,UV,16.7124355
12008,#974,m1,UV,16.71271431
5082,#258,m1,UV,16.71290015
9515,#303,m1,UV,16.71447885
10859,#970,m1,UV,16.71503562
217,#003,m1,UV,16.7182792
9407,#303,m1,UV,16.7193896
10227,#317,m1,UV,16.72492885
3330,#022,m1,UV,16.72502099
9060,#291,m1,UV,16.72584999
1981,#009,m1,UV,16.72686257
3288,#022,m1,UV,16.72870181
12106,#974,m1,UV,16.72925312
8444,#289,m1,UV,16.72998788
8973,#291,m1,UV,16.72998788
6878,#281,m1,UV,16.73026331
9638,#303,m1,UV,16.73246492
127,#003,m1,UV,16.73338127
7749,#282,m1,UV,16.73548666
4785,#258,m1,UV,16.73612682
8566,#289,m1,UV,16.7394146
9471,#303,m1,UV,16.7394146
1083,#006,m1,UV,16.74005302
1418,#006,m1,UV,16.7401442
3239,#022,m1,UV,16.74187552
7453,#282,m1,UV,16.74260388
8582,#289,m1,UV,16.74324089
2401,#009,m1,UV,16.74360477
10230,#317,m1,UV,16.74578613
3302,#022,m1,UV,16.74696632
5936,#263,m1,UV,16.74696632
5052,#258,m1,UV,16.74741999
10155,#317,m1,UV,16.74977674
8230,#289,m1,UV,16.75068216
11089,#970,m1,UV,16.75158701
7381,#282,m1,UV,16.75176791
4744,#258,m1,UV,16.75529098
8393,#289,m1,UV,16.7560126
11032,#970,m1,UV,16.75790513
8982,#291,m1,UV,16.75898546
7007,#281,m1,UV,16.75925542
12167,#974,m1,UV,16.76042465
9568,#303,m1,UV,16.76123356
7366,#282,m1,UV,16.76455433
4643,#258,m1,UV,16.76464398
11881,#974,m1,UV,16.7656297
6089,#263,m1,UV,16.76625663
8450,#289,m1,UV,16.76670427
9663,#303,m1,UV,16.76813578
4873,#258,m1,UV,16.76858284
7356,#282,m1,UV,16.76956587
11161,#970,m1,UV,16.76983386
10990,#970,m1,UV,16.77019109
2030,#009,m1,UV,16.77072678
11092,#970,m1,UV,16.7709053
7549,#282,m1,UV,16.7713515
1006,#006,m1,UV,16.77170836
7311,#282,m1,UV,16.77411485
12064,#974,m1,UV,16.77545006
1956,#009,m1,UV,16.77616167
4391,#131,m1,UV,16.77705069
1371,#006,m1,UV,16.77767267
11903,#974,m1,UV,16.77776151
10131,#317,m1,UV,16.77847198
5862,#263,m1,UV,16.78166476
10929,#970,m1,UV,16.783347
9066,#291,m1,UV,16.78361244
119,#003,m1,UV,16.7852924
1211,#006,m1,UV,16.78652902
223,#003,m1,UV,16.78732344
7388,#282,m1,UV,16.78802921
7624,#282,m1,UV,16.78855832
8505,#289,m1,UV,16.78864648
7809,#282,m1,UV,16.78988023
11096,#970,m1,UV,16.79199278
2274,#009,m1,UV,16.79208074
10277,#317,m1,UV,16.79313579
11221,#970,m1,UV,16.79313579
6177,#263,m1,UV,16.79445352
7796,#282,m1,UV,16.79541909
4409,#131,m1,UV,16.79638402
12076,#974,m1,UV,16.79647171
10261,#317,m1,UV,16.79655939
3391,#022,m1,UV,16.7979616
3486,#022,m1,UV,16.79813678
4473,#131,m1,UV,16.79831193
7667,#282,m1,UV,16.79866219
2454,#009,m1,UV,16.80032473
11833,#974,m1,UV,16.80207271
6133,#263,m1,UV,16.80346957
222,#003,m1,UV,16.80556233
1086,#006,m1,UV,16.80556233
9599,#303,m1,UV,16.80617215
6955,#281,m1,UV,16.80817402
7396,#282,m1,UV,16.80826099
5906,#263,m1,UV,16.80834796
4251,#131,m1,UV,16.80860884
2350,#009,m1,UV,16.80869579
4596,#258,m1,UV,16.8089566
8254,#289,m1,UV,16.80913045
9534,#303,m1,UV,16.80973876
8483,#289,m1,UV,16.81078099
4598,#258,m1,UV,16.81216944
3234,#022,m1,UV,16.81329658
11146,#970,m1,UV,16.81433624
8345,#289,m1,UV,16.81502893
6029,#263,m1,UV,16.81615384
9554,#303,m1,UV,16.81719143
8394,#289,m1,UV,16.81788275
9459,#303,m1,UV,16.81848738
1991,#009,m1,UV,16.8192644
6000,#263,m1,UV,16.8192644
4713,#258,m1,UV,16.82090338
1197,#006,m1,UV,16.82124819
174,#003,m1,UV,16.82245439
4875,#258,m1,UV,16.8246058
10125,#317,m1,UV,16.82555141
3529,#022,m1,UV,16.82641051
1276,#006,m1,UV,16.82744077
10154,#317,m1,UV,16.82744077
8397,#289,m1,UV,16.82855604
2504,#009,m1,UV,16.82872755
1921,#009,m1,UV,16.82992751
4791,#258,m1,UV,16.83001318
7541,#282,m1,UV,16.83172558
414,#003,m1,UV,16.83394866
7825,#282,m1,UV,16.83591238
6164,#263,m1,UV,16.83906582
7300,#282,m1,UV,16.83906582
7277,#282,m1,UV,16.83974673
10857,#970,m1,UV,16.83991691
4515,#131,m1,UV,16.84093757
7295,#282,m1,UV,16.84110761
3430,#022,m1,UV,16.84153262
6981,#281,m1,UV,16.84170258
3537,#022,m1,UV,16.84229732
7472,#282,m1,UV,16.84297671
1972,#009,m1,UV,16.8446738
8934,#291,m1,UV,16.84611476
7143,#281,m1,UV,16.84704638
2313,#009,m1,UV,16.84780816
9522,#303,m1,UV,16.84797739
8281,#289,m1,UV,16.84949958
5126,#258,m1,UV,16.84966861
2123,#009,m1,UV,16.84992213
6067,#263,m1,UV,16.85009111
5966,#263,m1,UV,16.85026007
6118,#263,m1,UV,16.85068239
2220,#009,m1,UV,16.85118902
4800,#258,m1,UV,16.85161107
4901,#258,m1,UV,16.85220173
8264,#289,m1,UV,16.85237045
2073,#009,m1,UV,16.85363519
8591,#289,m1,UV,16.85447774
11054,#970,m1,UV,16.8553198
9530,#303,m1,UV,16.85784302
11849,#974,m1,UV,16.85901902
8352,#289,m1,UV,16.85943879
441,#003,m1,UV,16.86069735
4307,#131,m1,UV,16.86069735
9351,#303,m1,UV,16.86446648
4286,#131,m1,UV,16.86546992
8422,#289,m1,UV,16.86647266
4670,#258,m1,UV,16.86730774
7226,#281,m1,UV,16.86739123
9044,#291,m1,UV,16.86755818
9428,#303,m1,UV,16.86864288
9668,#303,m1,UV,16.87022675
10919,#970,m1,UV,16.8725577
1241,#006,m1,UV,16.87264088
10255,#317,m1,UV,16.87380488
3390,#022,m1,UV,16.87471879
7353,#282,m1,UV,16.87530007
1412,#006,m1,UV,16.87654489
2142,#009,m1,UV,16.87654489
11,#003,m1,UV,16.87704251
2498,#009,m1,UV,16.87762285
10300,#317,m1,UV,16.87820297
10,#003,m1,UV,16.87845151
11170,#970,m1,UV,16.87894848
4455,#131,m1,UV,16.88010741
10971,#970,m1,UV,16.88035562
11843,#974,m1,UV,16.88101734
11012,#970,m1,UV,16.88233985
8288,#289,m1,UV,16.88415632
292,#003,m1,UV,16.88794704
1384,#006,m1,UV,16.88942765
312,#003,m1,UV,16.88975647
11934,#974,m1,UV,16.89213817
1073,#006,m1,UV,16.89238433
11305,#970,m1,UV,16.89312256
5870,#263,m1,UV,16.89394236
2032,#009,m1,UV,16.8947617
7410,#282,m1,UV,16.89508931
4421,#131,m1,UV,16.89525308
2209,#009,m1,UV,16.89533497
7846,#282,m1,UV,16.89868807
79,#003,m1,UV,16.89885144
1318,#006,m1,UV,16.89893312
4460,#131,m1,UV,16.89901479
8306,#289,m1,UV,16.90015771
5908,#263,m1,UV,16.90056568
3376,#022,m1,UV,16.90170738
2186,#009,m1,UV,16.90512705
7449,#282,m1,UV,16.90829522
9676,#303,m1,UV,16.90886313
7548,#282,m1,UV,16.90983617
9574,#303,m1,UV,16.91072755
10989,#970,m1,UV,16.91105155
1380,#006,m1,UV,16.91121352
8434,#289,m1,UV,16.91161838
10310,#317,m1,UV,16.91242774
9607,#303,m1,UV,16.91307491
3640,#022,m1,UV,16.91356009
8338,#289,m1,UV,16.91380262
432,#003,m1,UV,16.91428756
2112,#009,m1,UV,16.9154992
7480,#282,m1,UV,16.91711313
10820,#970,m1,UV,16.91800003
1295,#006,m1,UV,16.91888638
2066,#009,m1,UV,16.91888638
3429,#022,m1,UV,16.91977218
7383,#282,m1,UV,16.92178336
7769,#282,m1,UV,16.92347058
7579,#282,m1,UV,16.92411281
10166,#317,m1,UV,16.9260378
11933,#974,m1,UV,16.92876047
3642,#022,m1,UV,16.92908044
1204,#006,m1,UV,16.92980013
1449,#006,m1,UV,16.93027972
8567,#289,m1,UV,16.93163771
3614,#022,m1,UV,16.93283486
5905,#263,m1,UV,16.93283486
8522,#289,m1,UV,16.93307418
7556,#282,m1,UV,16.93315394
8474,#289,m1,UV,16.93347294
12126,#974,m1,UV,16.93379188
4720,#258,m1,UV,16.93403103
11299,#970,m1,UV,16.93411074
11009,#970,m1,UV,16.93482792
8212,#289,m1,UV,16.93490759
12066,#974,m1,UV,16.93530585
2354,#009,m1,UV,16.93546512
5924,#263,m1,UV,16.93785211
8970,#291,m1,UV,16.93983825
11925,#974,m1,UV,16.94055259
10291,#317,m1,UV,16.9426935
10189,#317,m1,UV,16.94380236
3454,#022,m1,UV,16.94696581
4995,#258,m1,UV,16.94704481
2481,#009,m1,UV,16.94822926
5137,#258,m1,UV,16.94846603
4605,#258,m1,UV,16.95012235
7285,#282,m1,UV,16.95020118
7392,#282,m1,UV,16.95020118
8942,#291,m1,UV,16.95161929
9391,#303,m1,UV,16.95193424
2279,#009,m1,UV,16.95232783
9002,#291,m1,UV,16.95272131
1931,#009,m1,UV,16.95335065
10205,#317,m1,UV,16.9534293
3350,#022,m1,UV,16.95492282
10245,#317,m1,UV,16.95657174
5069,#258,m1,UV,16.95672869
6084,#263,m1,UV,16.95798361
6984,#281,m1,UV,16.9581404
372,#003,m1,UV,16.95962905
7341,#282,m1,UV,16.95970736
6868,#281,m1,UV,16.96064671
3525,#022,m1,UV,16.96142904
11088,#970,m1,UV,16.96228912
12158,#974,m1,UV,16.96283617
5147,#258,m1,UV,16.9632268
10819,#970,m1,UV,16.96353922
421,#003,m1,UV,16.96392965
4797,#258,m1,UV,16.96392965
6176,#263,m1,UV,16.96439804
11308,#970,m1,UV,16.96798392
8515,#289,m1,UV,16.97000679
7780,#282,m1,UV,16.97179389
12025,#974,m1,UV,16.97210447
1212,#006,m1,UV,16.97357878
7776,#282,m1,UV,16.97357878
7721,#282,m1,UV,16.97381143
3236,#022,m1,UV,16.975284
1987,#009,m1,UV,16.97667769
11960,#974,m1,UV,16.97737403
7056,#281,m1,UV,16.97807003
383,#003,m1,UV,16.97892024
9456,#303,m1,UV,16.97946102
7484,#282,m1,UV,16.98177637
135,#003,m1,UV,16.98262441
7727,#282,m1,UV,16.9831638
7553,#282,m1,UV,16.98347194
3501,#022,m1,UV,16.98601156
7595,#282,m1,UV,16.98708762
8956,#291,m1,UV,16.9873181
7069,#281,m1,UV,16.98747174
7293,#282,m1,UV,16.98862347
4883,#258,m1,UV,16.98900717
11832,#974,m1,UV,16.98931406
1394,#006,m1,UV,16.98969759
3424,#022,m1,UV,16.99015768
1427,#006,m1,UV,16.99406255
3382,#022,m1,UV,16.9955146
348,#003,m1,UV,16.99589648
4841,#258,m1,UV,16.99597284
12091,#974,m1,UV,16.99650728
2386,#009,m1,UV,16.99940502
4974,#258,m1,UV,17.00039502
192,#003,m1,UV,17.00047114
316,#003,m1,UV,17.00495546
8223,#289,m1,UV,17.00495546
7620,#282,m1,UV,17.00616915
3438,#022,m1,UV,17.00874485
2494,#009,m1,UV,17.00965282
6124,#263,m1,UV,17.01146706
3546,#022,m1,UV,17.01275076
10287,#317,m1,UV,17.01471187
12062,#974,m1,UV,17.01471187
7221,#281,m1,UV,17.01486261
9431,#303,m1,UV,17.01546543
269,#003,m1,UV,17.01877644
9628,#303,m1,UV,17.01922735
3542,#022,m1,UV,17.01952788
417,#003,m1,UV,17.02072938
98,#003,m1,UV,17.02170486
2198,#009,m1,UV,17.02335416
8277,#289,m1,UV,17.02402834
3453,#022,m1,UV,17.02432787
6049,#263,m1,UV,17.02507643
8473,#289,m1,UV,17.02604897
10288,#317,m1,UV,17.02664714
5070,#258,m1,UV,17.02702086
7626,#282,m1,UV,17.02709559
313,#003,m1,UV,17.02761862
1357,#006,m1,UV,17.02791741
1419,#006,m1,UV,17.02844014
3515,#022,m1,UV,17.02903731
5928,#263,m1,UV,17.02948503
9415,#303,m1,UV,17.03038005
11289,#970,m1,UV,17.03038005
7461,#282,m1,UV,17.03283849
4847,#258,m1,UV,17.03410333
3229,#022,m1,UV,17.03610991
1202,#006,m1,UV,17.03662968
9007,#291,m1,UV,17.03737188
7774,#282,m1,UV,17.03848447
5865,#263,m1,UV,17.03929982
4410,#131,m1,UV,17.04263057
7701,#282,m1,UV,17.0432958
10223,#317,m1,UV,17.0432958
7537,#282,m1,UV,17.04735443
3423,#022,m1,UV,17.05000482
7641,#282,m1,UV,17.05110772
4420,#131,m1,UV,17.05154864
6151,#263,m1,UV,17.05257693
8272,#289,m1,UV,17.05646313
9639,#303,m1,UV,17.05887756
6973,#281,m1,UV,17.06121497
4509,#131,m1,UV,17.06216347
2337,#009,m1,UV,17.06230933
5124,#258,m1,UV,17.06230933
11896,#974,m1,UV,17.06238226
6110,#263,m1,UV,17.06252811
1334,#006,m1,UV,17.06260102
7864,#282,m1,UV,17.06434992
9708,#303,m1,UV,17.06580572
3339,#022,m1,UV,17.06595122
10091,#317,m1,UV,17.06704199
4363,#131,m1,UV,17.06769606
6895,#281,m1,UV,17.06784137
4869,#258,m1,UV,17.06820458
5007,#258,m1,UV,17.0699467
8276,#289,m1,UV,17.0703819
11037,#970,m1,UV,17.07204896
10111,#317,m1,UV,17.0732799
6949,#281,m1,UV,17.07378645
11301,#970,m1,UV,17.07443747
9012,#291,m1,UV,17.07682203
5002,#258,m1,UV,17.0780489
10825,#970,m1,UV,17.07913057
7772,#282,m1,UV,17.07941888
1053,#006,m1,UV,17.08028346
1243,#006,m1,UV,17.08344916
377,#003,m1,UV,17.08495762
8322,#289,m1,UV,17.08546009
4317,#131,m1,UV,17.08653622
7331,#282,m1,UV,17.08789816
7498,#282,m1,UV,17.08811309
5156,#258,m1,UV,17.08918724
10267,#317,m1,UV,17.0899029
2353,#009,m1,UV,17.09190486
12120,#974,m1,UV,17.09261917
1248,#006,m1,UV,17.09269058
2341,#009,m1,UV,17.09347588
9671,#303,m1,UV,17.09447472
7817,#282,m1,UV,17.09639913
3483,#022,m1,UV,17.09732478
6054,#263,m1,UV,17.09789411
2234,#009,m1,UV,17.09938755
114,#003,m1,UV,17.10031128
9409,#303,m1,UV,17.10031128
5939,#263,m1,UV,17.10137639
9358,#303,m1,UV,17.10151835
7304,#282,m1,UV,17.10180222
2278,#009,m1,UV,17.10300804
6948,#281,m1,UV,17.10322073
11190,#970,m1,UV,17.10442537
7457,#282,m1,UV,17.10513351
10204,#317,m1,UV,17.10626581
8958,#291,m1,UV,17.10669019
5065,#258,m1,UV,17.10767994
5904,#263,m1,UV,17.1079626
2075,#009,m1,UV,17.10831584
10088,#317,m1,UV,17.10944565
4312,#131,m1,UV,17.11043351
8475,#289,m1,UV,17.11149118
304,#003,m1,UV,17.11339303
105,#003,m1,UV,17.11472987
11886,#974,m1,UV,17.11627624
7486,#282,m1,UV,17.11711902
5008,#258,m1,UV,17.12006487
4854,#258,m1,UV,17.12188548
10225,#317,m1,UV,17.12223534
7693,#282,m1,UV,17.12412309
2058,#009,m1,UV,17.12517077
12042,#974,m1,UV,17.12524059
10845,#970,m1,UV,17.1253104
2149,#009,m1,UV,17.12614792
2189,#009,m1,UV,17.12705469
7389,#282,m1,UV,17.12830926
10933,#970,m1,UV,17.12858791
10992,#970,m1,UV,17.12893614
11197,#970,m1,UV,17.13144094
2444,#009,m1,UV,17.13164948
1423,#006,m1,UV,17.13290007
4525,#131,m1,UV,17.1337332
6155,#263,m1,UV,17.1340108
10839,#970,m1,UV,17.13414958
225,#003,m1,UV,17.13421897
6150,#263,m1,UV,17.13532868
4799,#258,m1,UV,17.13588321
11909,#974,m1,UV,17.13713014
4295,#131,m1,UV,17.13726862
158,#003,m1,UV,17.13754554
11855,#974,m1,UV,17.13879104
4728,#258,m1,UV,17.14314181
1899,#009,m1,UV,17.14362442
7784,#282,m1,UV,17.14369335
7325,#282,m1,UV,17.14410687
9514,#303,m1,UV,17.1463791
7072,#281,m1,UV,17.14699818
2471,#009,m1,UV,17.147617
361,#003,m1,UV,17.14782321
7622,#282,m1,UV,17.14782321
3284,#022,m1,UV,17.15070709
92,#003,m1,UV,17.15084427
10988,#970,m1,UV,17.15105002
85,#003,m1,UV,17.15139288
7378,#282,m1,UV,17.15153
7771,#282,m1,UV,17.15255797
8486,#289,m1,UV,17.15303744
4549,#258,m1,UV,17.15413278
2074,#009,m1,UV,17.15604762
2284,#009,m1,UV,17.15775515
10213,#317,m1,UV,17.15789167
293,#003,m1,UV,17.15836937
1011,#006,m1,UV,17.16041488
4855,#258,m1,UV,17.16143654
4937,#258,m1,UV,17.16259356
10280,#317,m1,UV,17.16259356
129,#003,m1,UV,17.16476895
349,#003,m1,UV,17.1663305
196,#003,m1,UV,17.16944852
8387,#289,m1,UV,17.17053147
4466,#131,m1,UV,17.17215438
2182,#009,m1,UV,17.17228954
237,#003,m1,UV,17.17296514
9453,#303,m1,UV,17.17310023
11285,#970,m1,UV,17.17606888
9425,#303,m1,UV,17.17647322
11270,#970,m1,UV,17.17721422
2371,#009,m1,UV,17.17869508
7077,#281,m1,UV,17.17916595
4649,#258,m1,UV,17.17977112
5118,#258,m1,UV,17.18091353
4599,#258,m1,UV,17.18171939
1306,#006,m1,UV,17.1824577
288,#003,m1,UV,17.18292734
5995,#263,m1,UV,17.18359799
2041,#009,m1,UV,17.18406725
7617,#282,m1,UV,17.18440235
3590,#022,m1,UV,17.18453637
3369,#022,m1,UV,17.18480436
6871,#281,m1,UV,17.18607667
59,#003,m1,UV,17.18768219
7483,#282,m1,UV,17.18875155
9451,#303,m1,UV,17.18948627
1057,#006,m1,UV,17.19075446
3650,#022,m1,UV,17.19242143
2199,#009,m1,UV,17.19282121
211,#003,m1,UV,17.19302106
11878,#974,m1,UV,17.19388677
8527,#289,m1,UV,17.19515109
3328,#022,m1,UV,17.1957496
11983,#974,m1,UV,17.19648077
1388,#006,m1,UV,17.19668011
2440,#009,m1,UV,17.19714514
7633,#282,m1,UV,17.1973444
7130,#281,m1,UV,17.19933542
2038,#009,m1,UV,17.20059498
4301,#131,m1,UV,17.2026477
3624,#022,m1,UV,17.20278003
11893,#974,m1,UV,17.20284619
6025,#263,m1,UV,17.20297851
2466,#009,m1,UV,17.20482964
11074,#970,m1,UV,17.20489571
10311,#317,m1,UV,17.20740406
10305,#317,m1,UV,17.20806342
2379,#009,m1,UV,17.20911779
213,#003,m1,UV,17.21043465
11035,#970,m1,UV,17.21221052
3381,#022,m1,UV,17.21273629
4350,#131,m1,UV,17.21391855
9715,#303,m1,UV,17.21876883
5073,#258,m1,UV,17.21929221
8493,#289,m1,UV,17.21942303
1902,#009,m1,UV,17.22027304
9056,#291,m1,UV,17.22249377
10978,#970,m1,UV,17.2226243
2491,#009,m1,UV,17.22490658
4742,#258,m1,UV,17.2258836
4554,#258,m1,UV,17.22614402
11304,#970,m1,UV,17.22725031
10285,#317,m1,UV,17.22796569
9681,#303,m1,UV,17.22816073
7869,#282,m1,UV,17.22926548
2460,#009,m1,UV,17.22959024
4758,#258,m1,UV,17.23289865
7463,#282,m1,UV,17.23341693
53,#003,m1,UV,17.2343882
7718,#282,m1,UV,17.23594088
8312,#289,m1,UV,17.2372981
8278,#289,m1,UV,17.23846042
7606,#282,m1,UV,17.2396218
4808,#258,m1,UV,17.2400732
11154,#970,m1,UV,17.24058891
8421,#289,m1,UV,17.24110443
159,#003,m1,UV,17.24129771
1994,#009,m1,UV,17.24348634
8431,#289,m1,UV,17.24676308
1244,#006,m1,UV,17.24759713
2469,#009,m1,UV,17.24887936
415,#003,m1,UV,17.25169625
12152,#974,m1,UV,17.25220782
343,#003,m1,UV,17.2526553
2118,#009,m1,UV,17.25329431
4787,#258,m1,UV,17.25367758
4642,#258,m1,UV,17.25386917
4897,#258,m1,UV,17.25648512
5929,#263,m1,UV,17.25744099
7723,#282,m1,UV,17.25775948
4978,#258,m1,UV,17.2585872
9695,#303,m1,UV,17.26011407
11842,#974,m1,UV,17.26094044
1079,#006,m1,UV,17.26106754
9585,#303,m1,UV,17.26151227
9595,#303,m1,UV,17.26214737
4394,#131,m1,UV,17.26348018
2029,#009,m1,UV,17.26354361
4395,#131,m1,UV,17.26411441
2512,#009,m1,UV,17.26455821
11155,#970,m1,UV,17.26582545
5142,#258,m1,UV,17.26626873
5860,#263,m1,UV,17.26709159
4486,#131,m1,UV,17.26734468
5154,#258,m1,UV,17.26734468
445,#003,m1,UV,17.26879911
5042,#258,m1,UV,17.26987318
6060,#263,m1,UV,17.27088333
7439,#282,m1,UV,17.27132505
10081,#317,m1,UV,17.27277547
10216,#317,m1,UV,17.27302757
9017,#291,m1,UV,17.27359463
1985,#009,m1,UV,17.27453924
2275,#009,m1,UV,17.27523156
4604,#258,m1,UV,17.27560904
3510,#022,m1,UV,17.27579775
4390,#131,m1,UV,17.27699232
10158,#317,m1,UV,17.27718085
7506,#282,m1,UV,17.27806031
9710,#303,m1,UV,17.28019392
10124,#317,m1,UV,17.28082085
6074,#263,m1,UV,17.28107154
4322,#131,m1,UV,17.28138485
11985,#974,m1,UV,17.28357612
12023,#974,m1,UV,17.28407651
2141,#009,m1,UV,17.28438917
8219,#289,m1,UV,17.28526425
433,#003,m1,UV,17.28582652
9364,#303,m1,UV,17.28676315
9016,#291,m1,UV,17.28707523
12096,#974,m1,UV,17.28732484
11114,#970,m1,UV,17.28794868
1162,#006,m1,UV,17.28807341
1052,#006,m1,UV,17.29286756
2431,#009,m1,UV,17.29336474
10904,#970,m1,UV,17.29373752
9418,#303,m1,UV,17.29479319
3492,#022,m1,UV,17.2952897
11105,#970,m1,UV,17.29591011
1325,#006,m1,UV,17.29609618
8984,#291,m1,UV,17.29838908
6131,#263,m1,UV,17.29999812
4849,#258,m1,UV,17.30135822
128,#003,m1,UV,17.30160538
232,#003,m1,UV,17.30253182
2372,#009,m1,UV,17.30296396
4911,#258,m1,UV,17.30308741
7614,#282,m1,UV,17.30339597
1405,#006,m1,UV,17.3040129
5858,#263,m1,UV,17.30549246
4429,#131,m1,UV,17.30555408
103,#003,m1,UV,17.30561569
9571,#303,m1,UV,17.30573891
10312,#317,m1,UV,17.30604691
2295,#009,m1,UV,17.3072167
4893,#258,m1,UV,17.30740132
1886,#009,m1,UV,17.30752439
440,#003,m1,UV,17.307832
3659,#022,m1,UV,17.30992206
2195,#009,m1,UV,17.31164102
1327,#006,m1,UV,17.31207044
12004,#974,m1,UV,17.31482794
6979,#281,m1,UV,17.3150728
12104,#974,m1,UV,17.31654107
2294,#009,m1,UV,17.31696903
5163,#258,m1,UV,17.31721352
2062,#009,m1,UV,17.31794676
7685,#282,m1,UV,17.31806892
3214,#022,m1,UV,17.3217292
9063,#291,m1,UV,17.32197288
1958,#009,m1,UV,17.32379923
7865,#282,m1,UV,17.32702015
10290,#317,m1,UV,17.32847631
2360,#009,m1,UV,17.32950687
7861,#282,m1,UV,17.33029445
8404,#289,m1,UV,17.33380304
290,#003,m1,UV,17.33591618
9342,#303,m1,UV,17.3359765
94,#003,m1,UV,17.33718257
75,#003,m1,UV,17.33971203
8569,#289,m1,UV,17.34139588
9462,#303,m1,UV,17.34271752
2267,#009,m1,UV,17.34337789
4664,#258,m1,UV,17.34361795
11966,#974,m1,UV,17.34403796
11099,#970,m1,UV,17.34511741
8594,#289,m1,UV,17.34547705
7441,#282,m1,UV,17.34619606
6004,#263,m1,UV,17.34649555
2246,#009,m1,UV,17.3466752
2056,#009,m1,UV,17.34775269
6156,#263,m1,UV,17.34805185
1111,#006,m1,UV,17.34948695
8229,#289,m1,UV,17.34966624
5972,#263,m1,UV,17.35098033
2340,#009,m1,UV,17.35115943
3569,#022,m1,UV,17.35467726
8564,#289,m1,UV,17.35521312
4364,#131,m1,UV,17.3559868
6883,#281,m1,UV,17.35628425
10868,#970,m1,UV,17.35729515
9605,#303,m1,UV,17.35895861
2316,#009,m1,UV,17.35955224
8253,#289,m1,UV,17.36204281
4544,#258,m1,UV,17.36257595
5047,#258,m1,UV,17.36352326
5979,#263,m1,UV,17.36523868
10955,#970,m1,UV,17.36582973
7385,#282,m1,UV,17.36642054
5057,#258,m1,UV,17.36748338
10960,#970,m1,UV,17.36801451
1975,#009,m1,UV,17.36842748
3449,#022,m1,UV,17.36848646
10958,#970,m1,UV,17.3708439
7131,#281,m1,UV,17.37102056
4476,#131,m1,UV,17.3716681
7854,#282,m1,UV,17.37184465
1130,#006,m1,UV,17.37231535
4924,#258,m1,UV,17.37231535
2516,#009,m1,UV,17.37325629
6971,#281,m1,UV,17.37396159
5982,#263,m1,UV,17.37413786
6951,#281,m1,UV,17.37595808
161,#003,m1,UV,17.37601676
5040,#258,m1,UV,17.37631011
5123,#258,m1,UV,17.37636878
3625,#022,m1,UV,17.37824477
10080,#317,m1,UV,17.38438328
12010,#974,m1,UV,17.38554957
7493,#282,m1,UV,17.38921721
2137,#009,m1,UV,17.38979853
2140,#009,m1,UV,17.39008909
62,#003,m1,UV,17.3903215
5953,#263,m1,UV,17.39101851
2459,#009,m1,UV,17.39125078
423,#003,m1,UV,17.39136689
2106,#009,m1,UV,17.39241152
9712,#303,m1,UV,17.39316551
345,#003,m1,UV,17.39374523
2289,#009,m1,UV,17.39507771
11982,#974,m1,UV,17.39519352
4804,#258,m1,UV,17.39577243
4867,#258,m1,UV,17.39588818
4504,#131,m1,UV,17.39716086
4902,#258,m1,UV,17.39733432
7502,#282,m1,UV,17.39825908
2205,#009,m1,UV,17.399876
7309,#282,m1,UV,17.40039534
10262,#317,m1,UV,17.40056841
997,#006,m1,UV,17.40195224
8561,#289,m1,UV,17.40252844
3636,#022,m1,UV,17.40460086
136,#003,m1,UV,17.40517601
7075,#281,m1,UV,17.4054635
10149,#317,m1,UV,17.4054635
12013,#974,m1,UV,17.4060383
4669,#258,m1,UV,17.40609577
4369,#131,m1,UV,17.40638307
9711,#303,m1,UV,17.40724464
11014,#970,m1,UV,17.40776133
3466,#022,m1,UV,17.41165927
8243,#289,m1,UV,17.41268932
54,#003,m1,UV,17.41291812
7719,#282,m1,UV,17.41908203
7597,#282,m1,UV,17.42152886
9675,#303,m1,UV,17.43138787
2031,#009,m1,UV,17.43183954
347,#003,m1,UV,17.4323475
4491,#131,m1,UV,17.43251678
340,#003,m1,UV,17.43572934
6024,#263,m1,UV,17.43623594
8368,#289,m1,UV,17.43752976
11895,#974,m1,UV,17.43752976
351,#003,m1,UV,17.43764221
7678,#282,m1,UV,17.43831674
219,#003,m1,UV,17.43977712
7766,#282,m1,UV,17.44073119
11229,#970,m1,UV,17.44101168
1147,#006,m1,UV,17.44258141
9512,#303,m1,UV,17.44633064
5967,#263,m1,UV,17.45101744
10313,#317,m1,UV,17.45346636
9688,#303,m1,UV,17.454467
9603,#303,m1,UV,17.45507816
10905,#970,m1,UV,17.45541141
165,#003,m1,UV,17.45602216
9714,#303,m1,UV,17.4562997
10233,#317,m1,UV,17.45641069
9634,#303,m1,UV,17.45657717
1386,#006,m1,UV,17.45896129
1439,#006,m1,UV,17.46161799
11172,#970,m1,UV,17.46161799
5075,#258,m1,UV,17.46178387
104,#003,m1,UV,17.46250246
5141,#258,m1,UV,17.4636073
1284,#006,m1,UV,17.46487682
6057,#263,m1,UV,17.46487682
6052,#263,m1,UV,17.46509749
9527,#303,m1,UV,17.46586957
8423,#289,m1,UV,17.46653103
5897,#263,m1,UV,17.46928385
435,#003,m1,UV,17.47054838
9583,#303,m1,UV,17.47148232
1960,#009,m1,UV,17.4717569
339,#003,m1,UV,17.47521206
7585,#282,m1,UV,17.47669032
10159,#317,m1,UV,17.47674504
7336,#282,m1,UV,17.47685447
10251,#317,m1,UV,17.47800305
1324,#006,m1,UV,17.47915071
4438,#131,m1,UV,17.48051579
12015,#974,m1,UV,17.48144331
6966,#281,m1,UV,17.48155239
6967,#281,m1,UV,17.48204315
11979,#974,m1,UV,17.48264274
11278,#970,m1,UV,17.48395007
2441,#009,m1,UV,17.48422228
7808,#282,m1,UV,17.48558257
8323,#289,m1,UV,17.48623505
3287,#022,m1,UV,17.48786497
11977,#974,m1,UV,17.4888963
9475,#303,m1,UV,17.48960152
5134,#258,m1,UV,17.48965576
6921,#281,m1,UV,17.49171512
7814,#282,m1,UV,17.49176928
3552,#022,m1,UV,17.49679675
1146,#006,m1,UV,17.49841479
4433,#131,m1,UV,17.50180677
12103,#974,m1,UV,17.50234445
7489,#282,m1,UV,17.50325804
9517,#303,m1,UV,17.50352663
12102,#974,m1,UV,17.50422474
1068,#006,m1,UV,17.50867395
155,#003,m1,UV,17.51097358
10172,#317,m1,UV,17.51097358
10821,#970,m1,UV,17.51134759
8244,#289,m1,UV,17.51166809
358,#003,m1,UV,17.51193513
8358,#289,m1,UV,17.51209532
2196,#009,m1,UV,17.51273593
2190,#009,m1,UV,17.51310948
2193,#009,m1,UV,17.51374964
5077,#258,m1,UV,17.51380297
341,#003,m1,UV,17.51668005
1914,#009,m1,UV,17.51683972
1314,#006,m1,UV,17.51710579
8504,#289,m1,UV,17.51710579
4724,#258,m1,UV,17.51753141
8516,#289,m1,UV,17.51854176
1997,#009,m1,UV,17.51880752
4453,#131,m1,UV,17.51944516
1126,#006,m1,UV,17.5202418
7294,#282,m1,UV,17.52061342
3290,#022,m1,UV,17.52326504
10114,#317,m1,UV,17.52448315
8424,#289,m1,UV,17.52495953
9518,#303,m1,UV,17.52522411
8433,#289,m1,UV,17.52538284
6046,#263,m1,UV,17.52633483
9054,#291,m1,UV,17.52723336
273,#003,m1,UV,17.52770883
7059,#281,m1,UV,17.52818413
2006,#009,m1,UV,17.52839533
10965,#970,m1,UV,17.52844813
7659,#282,m1,UV,17.52982011
4784,#258,m1,UV,17.53040018
4502,#131,m1,UV,17.5310854
1012,#006,m1,UV,17.53413862
7611,#282,m1,UV,17.53597795
7395,#282,m1,UV,17.53629303
8480,#289,m1,UV,17.53692298
1900,#009,m1,UV,17.5396496
10961,#970,m1,UV,17.54074928
4292,#131,m1,UV,17.54263248
4597,#258,m1,UV,17.54440882
8289,#289,m1,UV,17.54581788
8429,#289,m1,UV,17.54795493
8471,#289,m1,UV,17.55045284
1890,#009,m1,UV,17.55211571
8389,#289,m1,UV,17.55341349
8513,#289,m1,UV,17.55341349
412,#003,m1,UV,17.55372479
5889,#263,m1,UV,17.55471011
6076,#263,m1,UV,17.5563163
8317,#289,m1,UV,17.55688581
1908,#009,m1,UV,17.55781725
3637,#022,m1,UV,17.55807587
11027,#970,m1,UV,17.55817931
1192,#006,m1,UV,17.55833445
3608,#022,m1,UV,17.55859299
7842,#282,m1,UV,17.55921328
3455,#022,m1,UV,17.56034979
6121,#263,m1,UV,17.56194971
12079,#974,m1,UV,17.56277479
4255,#131,m1,UV,17.56287789
10107,#317,m1,UV,17.56426904
1008,#006,m1,UV,17.56545303
4416,#131,m1,UV,17.5669445
4651,#258,m1,UV,17.56838309
3388,#022,m1,UV,17.57007673
7330,#282,m1,UV,17.57120471
3419,#022,m1,UV,17.57130721
424,#003,m1,UV,17.57473678
4992,#258,m1,UV,17.57637191
5146,#258,m1,UV,17.57667829
5842,#263,m1,UV,17.57688251
8933,#291,m1,UV,17.57902505
7276,#282,m1,UV,17.57953471
7372,#282,m1,UV,17.5813171
12032,#974,m1,UV,17.58182595
91,#003,m1,UV,17.58197857
4648,#258,m1,UV,17.58213118
2352,#009,m1,UV,17.58284312
93,#003,m1,UV,17.5862454
9691,#303,m1,UV,17.58715808
3346,#022,m1,UV,17.58720877
9626,#303,m1,UV,17.58801953
2283,#009,m1,UV,17.59201599
12098,#974,m1,UV,17.59337933
2051,#009,m1,UV,17.59388395
8558,#289,m1,UV,17.59469096
176,#003,m1,UV,17.59796484
5963,#263,m1,UV,17.59962412
5056,#258,m1,UV,17.60173318
3630,#022,m1,UV,17.60218472
11070,#970,m1,UV,17.60504119
4428,#131,m1,UV,17.60524143
10973,#970,m1,UV,17.60604213
11975,#974,m1,UV,17.60674237
8447,#289,m1,UV,17.60694237
6919,#281,m1,UV,17.60764218
1366,#006,m1,UV,17.60834164
4590,#258,m1,UV,17.60968965
5946,#263,m1,UV,17.60973955
11225,#970,m1,UV,17.61073723
9032,#291,m1,UV,17.61243171
8386,#289,m1,UV,17.61322842
10844,#970,m1,UV,17.61387542
311,#003,m1,UV,17.61785061
4725,#258,m1,UV,17.61814831
2044,#009,m1,UV,17.62072579
7052,#281,m1,UV,17.62315036
11239,#970,m1,UV,17.6231998
9052,#291,m1,UV,17.62354583
4335,#131,m1,UV,17.62394118
8350,#289,m1,UV,17.62571893
4859,#258,m1,UV,17.62852923
172,#003,m1,UV,17.62892322
3524,#022,m1,UV,17.6297601
2299,#009,m1,UV,17.63295544
12009,#974,m1,UV,17.63339731
7333,#282,m1,UV,17.63349549
110,#003,m1,UV,17.63418253
6976,#281,m1,UV,17.63437877
4265,#131,m1,UV,17.63575169
1234,#006,m1,UV,17.63584971
11153,#970,m1,UV,17.63673155
9464,#303,m1,UV,17.6389338
1415,#006,m1,UV,17.6395205
9645,#303,m1,UV,17.64093738
11845,#974,m1,UV,17.64118152
2448,#009,m1,UV,17.64425425
8477,#289,m1,UV,17.64517967
5950,#263,m1,UV,17.64556914
9596,#303,m1,UV,17.64683419
6077,#263,m1,UV,17.64712597
200,#003,m1,UV,17.65110769
7206,#281,m1,UV,17.65144709
8478,#289,m1,UV,17.65241635
1184,#006,m1,UV,17.66111051
6901,#281,m1,UV,17.66274687
1974,#009,m1,UV,17.66346821
6975,#281,m1,UV,17.66404502
4939,#258,m1,UV,17.66553404
6877,#281,m1,UV,17.66563005
427,#003,m1,UV,17.66572606
2385,#009,m1,UV,17.66678172
11191,#970,m1,UV,17.66845957
4868,#258,m1,UV,17.66965685
12011,#974,m1,UV,17.67123574
11076,#970,m1,UV,17.67176165
9015,#291,m1,UV,17.67271736
4863,#258,m1,UV,17.67309947
6002,#263,m1,UV,17.67453147
3266,#022,m1,UV,17.67462689
9033,#291,m1,UV,17.67743883
99,#003,m1,UV,17.67834321
3385,#022,m1,UV,17.6796274
2111,#009,m1,UV,17.68053041
8294,#289,m1,UV,17.68062543
8426,#289,m1,UV,17.68143285
7826,#282,m1,UV,17.68299891
1320,#006,m1,UV,17.6840894
4777,#258,m1,UV,17.68768691
10834,#970,m1,UV,17.68778146
1308,#006,m1,UV,17.68811234
10829,#970,m1,UV,17.68905728
1352,#006,m1,UV,17.6892462
7816,#282,m1,UV,17.69151125
9368,#303,m1,UV,17.69226547
7612,#282,m1,UV,17.6929251
11900,#974,m1,UV,17.6932077
4314,#131,m1,UV,17.6978627
11277,#970,m1,UV,17.70142607
4296,#131,m1,UV,17.7014729
4297,#131,m1,UV,17.7014729
9526,#303,m1,UV,17.70306414
6101,#263,m1,UV,17.70540102
5153,#258,m1,UV,17.70698794
5825,#263,m1,UV,17.7087129
4781,#258,m1,UV,17.70885267
12059,#974,m1,UV,17.70899242
10851,#970,m1,UV,17.71159875
2288,#009,m1,UV,17.71178474
4802,#258,m1,UV,17.7119707
1074,#006,m1,UV,17.71238903
2139,#009,m1,UV,17.71252844
11168,#970,m1,UV,17.71285369
14,#003,m1,UV,17.7134111
1456,#006,m1,UV,17.71605582
11964,#974,m1,UV,17.71772367
10841,#970,m1,UV,17.71874197
4792,#258,m1,UV,17.71892704
8512,#289,m1,UV,17.71925085
3279,#022,m1,UV,17.71980578
7202,#281,m1,UV,17.7201294
7071,#281,m1,UV,17.72100741
2285,#009,m1,UV,17.72123838
12052,#974,m1,UV,17.72193106
12121,#974,m1,UV,17.72432979
2122,#009,m1,UV,17.72474455
7728,#282,m1,UV,17.72672453
2040,#009,m1,UV,17.72686257
4608,#258,m1,UV,17.72980422
4722,#258,m1,UV,17.73026331
12153,#974,m1,UV,17.73163971
8523,#289,m1,UV,17.73214406
11171,#970,m1,UV,17.73406814
3383,#022,m1,UV,17.7343428
1319,#006,m1,UV,17.7365382
8318,#289,m1,UV,17.73694947
3336,#022,m1,UV,17.73923214
12163,#974,m1,UV,17.74087343
58,#003,m1,UV,17.74105568
1023,#006,m1,UV,17.74105568
10226,#317,m1,UV,17.74146566
3378,#022,m1,UV,17.74451407
12078,#974,m1,UV,17.74614937
3278,#022,m1,UV,17.74732927
2457,#009,m1,UV,17.74977674
3626,#022,m1,UV,17.75258169
6119,#263,m1,UV,17.75334984
354,#003,m1,UV,17.75366602
6062,#263,m1,UV,17.75398213
10964,#970,m1,UV,17.75704929
395,#003,m1,UV,17.75795016
2277,#009,m1,UV,17.75916544
4558,#258,m1,UV,17.76028979
4511,#131,m1,UV,17.76302952
3500,#022,m1,UV,17.763209
5139,#258,m1,UV,17.76522653
1105,#006,m1,UV,17.7659432
4545,#258,m1,UV,17.76925316
8349,#289,m1,UV,17.77019109
7554,#282,m1,UV,17.77036968
6970,#281,m1,UV,17.77300123
10118,#317,m1,UV,17.77375859
7813,#282,m1,UV,17.7746936
5895,#263,m1,UV,17.77478261
9421,#303,m1,UV,17.77753941
8291,#289,m1,UV,17.77771709
6072,#263,m1,UV,17.77838319
7737,#282,m1,UV,17.78060128
5944,#263,m1,UV,17.78073426
6943,#281,m1,UV,17.78095586
4767,#258,m1,UV,17.78144327
7290,#282,m1,UV,17.78299301
8987,#291,m1,UV,17.78303726
11930,#974,m1,UV,17.78343548
1432,#006,m1,UV,17.7835682
3527,#022,m1,UV,17.78555748
11017,#970,m1,UV,17.78591085
2503,#009,m1,UV,17.78727931
4998,#258,m1,UV,17.78838197
11271,#970,m1,UV,17.78970405
11156,#970,m1,UV,17.78983619
7278,#282,m1,UV,17.79427789
8286,#289,m1,UV,17.79541909
9598,#303,m1,UV,17.79541909
5143,#258,m1,UV,17.79546297
7580,#282,m1,UV,17.79585778
1992,#009,m1,UV,17.79651555
2280,#009,m1,UV,17.79747974
3538,#022,m1,UV,17.79765498
4284,#131,m1,UV,17.79839951
9,#003,m1,UV,17.79888105
3307,#022,m1,UV,17.79896859
1001,#006,m1,UV,17.79953745
4327,#131,m1,UV,17.80307684
8283,#289,m1,UV,17.80429832
4650,#258,m1,UV,17.80521375
7368,#282,m1,UV,17.80782607
6998,#281,m1,UV,17.80795656
10956,#970,m1,UV,17.80865231
1137,#006,m1,UV,17.81004282
5158,#258,m1,UV,17.81125842
1982,#009,m1,UV,17.81186583
6113,#263,m1,UV,17.81238627
2309,#009,m1,UV,17.81351324
6116,#263,m1,UV,17.8138165
3611,#022,m1,UV,17.81459604
1903,#009,m1,UV,17.81463933
4723,#258,m1,UV,17.81507221
5130,#258,m1,UV,17.8164133
4503,#131,m1,UV,17.81658626
12022,#974,m1,UV,17.81675919
2150,#009,m1,UV,17.817105
4915,#258,m1,UV,17.81714822
1387,#006,m1,UV,17.81727787
10850,#970,m1,UV,17.81762355
11162,#970,m1,UV,17.81866009
2476,#009,m1,UV,17.8196096
10953,#970,m1,UV,17.8210758
7002,#281,m1,UV,17.82331534
1240,#006,m1,UV,17.82589511
12174,#974,m1,UV,17.82623873
1065,#006,m1,UV,17.82795562
7736,#282,m1,UV,17.82924194
11851,#974,m1,UV,17.83279479
10142,#317,m1,UV,17.83578439
1253,#006,m1,UV,17.83608301
9478,#303,m1,UV,17.83672271
7713,#282,m1,UV,17.83702113
9049,#291,m1,UV,17.83706376
10112,#317,m1,UV,17.83723425
2455,#009,m1,UV,17.83787343
11838,#974,m1,UV,17.83825681
5000,#258,m1,UV,17.83978928
7514,#282,m1,UV,17.84046986
1024,#006,m1,UV,17.84089505
10263,#317,m1,UV,17.84110761
303,#003,m1,UV,17.84136263
9361,#303,m1,UV,17.84560635
3477,#022,m1,UV,17.84844268
7609,#282,m1,UV,17.85000662
5863,#263,m1,UV,17.85131565
11069,#970,m1,UV,17.85186424
1066,#006,m1,UV,17.85207518
1231,#006,m1,UV,17.85317158
3426,#022,m1,UV,17.85439351
1390,#006,m1,UV,17.85620343
6055,#263,m1,UV,17.85994234
6117,#263,m1,UV,17.86086508
8968,#291,m1,UV,17.86124239
4485,#131,m1,UV,17.86174532
8285,#289,m1,UV,17.86300188
4675,#258,m1,UV,17.86316933
416,#003,m1,UV,17.86463377
4465,#131,m1,UV,17.86785029
7288,#282,m1,UV,17.86905985
3517,#022,m1,UV,17.86964342
999,#006,m1,UV,17.87326457
9636,#303,m1,UV,17.87355553
9412,#303,m1,UV,17.87380488
2438,#009,m1,UV,17.87646193
11071,#970,m1,UV,17.8778715
2125,#009,m1,UV,17.87965222
7142,#281,m1,UV,17.88039699
10100,#317,m1,UV,17.88114137
2192,#009,m1,UV,17.88118272
10260,#317,m1,UV,17.88432135
3247,#022,m1,UV,17.88485753
8461,#289,m1,UV,17.88572326
8484,#289,m1,UV,17.88687676
5079,#258,m1,UV,17.88913987
11297,#970,m1,UV,17.89139945
337,#003,m1,UV,17.89205611
7547,#282,m1,UV,17.89357351
7384,#282,m1,UV,17.89447499
2175,#009,m1,UV,17.89553965
11198,#970,m1,UV,17.895908
2177,#009,m1,UV,17.89811614
10150,#317,m1,UV,17.89905562
2077,#009,m1,UV,17.90007611
7576,#282,m1,UV,17.90215565
6875,#281,m1,UV,17.90415083
333,#003,m1,UV,17.90504572
6944,#281,m1,UV,17.90622451
12108,#974,m1,UV,17.9065089
1173,#006,m1,UV,17.90671201
7562,#282,m1,UV,17.90671201
4508,#131,m1,UV,17.90870089
10203,#317,m1,UV,17.9089848
7,#003,m1,UV,17.9092281
9003,#291,m1,UV,17.91020089
7438,#282,m1,UV,17.91088956
3543,#022,m1,UV,17.91137548
8251,#289,m1,UV,17.91372179
8500,#289,m1,UV,17.91610464
9006,#291,m1,UV,17.91618534
216,#003,m1,UV,17.91654846
66,#003,m1,UV,17.91670982
9420,#303,m1,UV,17.91695182
6065,#263,m1,UV,17.91852385
2467,#009,m1,UV,17.91876554
9600,#303,m1,UV,17.91985268
7380,#282,m1,UV,17.92427333
12001,#974,m1,UV,17.92567706
3337,#022,m1,UV,17.92679906
5901,#263,m1,UV,17.92759996
298,#003,m1,UV,17.92788016
4293,#131,m1,UV,17.92864046
11850,#974,m1,UV,17.93442953
8572,#289,m1,UV,17.93466858
7546,#282,m1,UV,17.93590303
11159,#970,m1,UV,17.93606224
1330,#006,m1,UV,17.93661932
10157,#317,m1,UV,17.93817007
4981,#258,m1,UV,17.93872635
5834,#263,m1,UV,17.93967946
4637,#258,m1,UV,17.94213876
2156,#009,m1,UV,17.94257465
1317,#006,m1,UV,17.94324804
8963,#291,m1,UV,17.943644
4359,#131,m1,UV,17.94459387
9053,#291,m1,UV,17.94589892
1181,#006,m1,UV,17.94763716
4898,#258,m1,UV,17.94763716
2349,#009,m1,UV,17.94822926
3323,#022,m1,UV,17.94968874
1118,#006,m1,UV,17.9509498
7673,#282,m1,UV,17.95880657
7768,#282,m1,UV,17.95880657
134,#003,m1,UV,17.95884574
7785,#282,m1,UV,17.95994225
1108,#006,m1,UV,17.96459315
2302,#009,m1,UV,17.96572429
7219,#281,m1,UV,17.96677663
11272,#970,m1,UV,17.97109486
207,#003,m1,UV,17.97167741
2449,#009,m1,UV,17.97214328
11194,#970,m1,UV,17.97272542
10130,#317,m1,UV,17.97365634
11847,#974,m1,UV,17.97690984
1907,#009,m1,UV,17.97803137
11068,#970,m1,UV,17.97919066
6162,#263,m1,UV,17.98042621
2367,#009,m1,UV,17.9813136
2060,#009,m1,UV,17.98216191
4864,#258,m1,UV,17.98397252
3364,#022,m1,UV,17.98508858
5136,#258,m1,UV,17.98620377
12122,#974,m1,UV,17.98816289
4988,#258,m1,UV,17.99188172
4793,#258,m1,UV,17.99417724
1998,#009,m1,UV,17.99448303
3422,#022,m1,UV,17.99589648
8348,#289,m1,UV,17.99616374
11931,#974,m1,UV,17.99707966
6946,#281,m1,UV,17.99776622
3392,#022,m1,UV,17.99784249
5129,#258,m1,UV,17.99784249
6897,#281,m1,UV,17.99986203
6922,#281,m1,UV,18.00039502
5933,#263,m1,UV,18.00294304
4852,#258,m1,UV,18.00419639
8439,#289,m1,UV,18.01022002
11907,#974,m1,UV,18.01022002
9332,#303,m1,UV,18.01414644
10830,#970,m1,UV,18.01580441
3371,#022,m1,UV,18.0162186
8245,#289,m1,UV,18.01700901
12058,#974,m1,UV,18.01742286
3619,#022,m1,UV,18.01764854
2272,#009,m1,UV,18.01873886
10257,#317,m1,UV,18.02054171
11207,#970,m1,UV,18.02084197
2109,#009,m1,UV,18.02155482
1889,#009,m1,UV,18.02219235
5890,#263,m1,UV,18.03045461
7812,#282,m1,UV,18.03049189
11885,#974,m1,UV,18.03067826
2046,#009,m1,UV,18.03112547
9457,#303,m1,UV,18.03164704
12112,#974,m1,UV,18.03220565
9632,#303,m1,UV,18.03447513
10121,#317,m1,UV,18.0353299
4677,#258,m1,UV,18.03544136
10315,#317,m1,UV,18.03644407
8518,#289,m1,UV,18.03662968
2110,#009,m1,UV,18.03707505
7732,#282,m1,UV,18.03904044
11164,#970,m1,UV,18.04089214
5063,#258,m1,UV,18.04536344
9467,#303,m1,UV,18.04624867
4770,#258,m1,UV,18.04772284
9612,#303,m1,UV,18.05044608
4548,#258,m1,UV,18.05107097
2221,#009,m1,UV,18.05110772
2259,#009,m1,UV,18.05276048
1252,#006,m1,UV,18.0532009
6047,#263,m1,UV,18.05576732
2356,#009,m1,UV,18.05628005
4710,#258,m1,UV,18.0571952
8440,#289,m1,UV,18.05770743
11218,#970,m1,UV,18.05843887
11059,#970,m1,UV,18.06033889
10110,#317,m1,UV,18.06110549
7369,#282,m1,UV,18.06311134
89,#003,m1,UV,18.06598759
2052,#009,m1,UV,18.06664214
2463,#009,m1,UV,18.06802299
1000,#006,m1,UV,18.06831352
10901,#970,m1,UV,18.07563024
12089,#974,m1,UV,18.07642488
10191,#317,m1,UV,18.07959905
9667,#303,m1,UV,18.08157936
10865,#970,m1,UV,18.0828022
4285,#131,m1,UV,18.08359289
11067,#970,m1,UV,18.08481402
7824,#282,m1,UV,18.08675135
2346,#009,m1,UV,18.08796981
10207,#317,m1,UV,18.0897598
55,#003,m1,UV,18.09365429
8560,#289,m1,UV,18.09401106
10126,#317,m1,UV,18.09429641
1063,#006,m1,UV,18.09543725
7570,#282,m1,UV,18.09906765
6950,#281,m1,UV,18.10130541
9449,#303,m1,UV,18.10233432
7616,#282,m1,UV,18.10279532
218,#003,m1,UV,18.10314984
4602,#258,m1,UV,18.10835116
9716,#303,m1,UV,18.10891617
1174,#006,m1,UV,18.10944565
2462,#009,m1,UV,18.1103277
6078,#263,m1,UV,18.11092719
10281,#317,m1,UV,18.11504631
6126,#263,m1,UV,18.11704881
5083,#258,m1,UV,18.1185927
1186,#006,m1,UV,18.12164053
1443,#006,m1,UV,18.12286486
2120,#009,m1,UV,18.12408815
1365,#006,m1,UV,18.12489146
10229,#317,m1,UV,18.12639211
1175,#006,m1,UV,18.12768211
3618,#022,m1,UV,18.12775181
1249,#006,m1,UV,18.13203172
1214,#006,m1,UV,18.13255279
356,#003,m1,UV,18.13286535
11949,#974,m1,UV,18.13345554
1961,#009,m1,UV,18.13362908
7555,#282,m1,UV,18.1337679
1016,#006,m1,UV,18.13609111
11166,#970,m1,UV,18.13629898
5043,#258,m1,UV,18.13713014
1269,#006,m1,UV,18.13785702
4595,#258,m1,UV,18.13917139
8246,#289,m1,UV,18.14158947
1973,#009,m1,UV,18.14172752
1121,#006,m1,UV,18.14217611
11175,#970,m1,UV,18.1422796
11055,#970,m1,UV,18.1427625
3623,#022,m1,UV,18.14624149
9447,#303,m1,UV,18.1464823
2338,#009,m1,UV,18.15036407
2210,#009,m1,UV,18.15050129
12077,#974,m1,UV,18.15420121
8319,#289,m1,UV,18.15703824
9660,#303,m1,UV,18.15751622
1990,#009,m1,UV,18.16255954
4309,#131,m1,UV,18.16286566
8391,#289,m1,UV,18.16381762
2180,#009,m1,UV,18.16432734
2351,#009,m1,UV,18.16619478
1382,#006,m1,UV,18.16731408
7552,#282,m1,UV,18.1689406
10217,#317,m1,UV,18.17326907
1370,#006,m1,UV,18.17458532
10963,#970,m1,UV,18.17627106
10307,#317,m1,UV,18.17664166
3469,#022,m1,UV,18.17704584
8568,#289,m1,UV,18.17721422
4999,#258,m1,UV,18.17819041
7569,#282,m1,UV,18.17832501
5845,#263,m1,UV,18.17876236
5843,#263,m1,UV,18.17909869
9696,#303,m1,UV,18.1793677
8563,#289,m1,UV,18.17993918
11919,#974,m1,UV,18.1806784
8395,#289,m1,UV,18.18128294
4776,#258,m1,UV,18.18235704
9694,#303,m1,UV,18.18520627
2301,#009,m1,UV,18.18644476
3308,#022,m1,UV,18.18921914
7722,#282,m1,UV,18.18982011
8969,#291,m1,UV,18.19018725
6109,#263,m1,UV,18.1903541
9685,#303,m1,UV,18.1916882
1206,#006,m1,UV,18.19208819
6900,#281,m1,UV,18.20178724
2347,#009,m1,UV,18.2038052
7783,#282,m1,UV,18.20433404
4468,#131,m1,UV,18.20549019
10175,#317,m1,UV,18.20700829
1199,#006,m1,UV,18.21161881
9027,#291,m1,UV,18.21184895
5969,#263,m1,UV,18.21437806
1392,#006,m1,UV,18.21706654
1336,#006,m1,UV,18.21876883
7332,#282,m1,UV,18.22066518
5926,#263,m1,UV,18.22249378
8347,#289,m1,UV,18.22282007
8435,#289,m1,UV,18.22803071
11848,#974,m1,UV,18.22861573
8946,#291,m1,UV,18.22910307
9690,#303,m1,UV,18.23053164
1124,#006,m1,UV,18.23150485
7433,#282,m1,UV,18.23289865
9423,#303,m1,UV,18.23516475
4358,#131,m1,UV,18.23522944
7870,#282,m1,UV,18.23564988
7778,#282,m1,UV,18.23587622
7724,#282,m1,UV,18.2378148
12061,#974,m1,UV,18.23833132
2264,#009,m1,UV,18.23997648
8327,#289,m1,UV,18.24152316
12067,#974,m1,UV,18.24200616
4934,#258,m1,UV,18.24666681
8385,#289,m1,UV,18.24714809
8974,#291,m1,UV,18.24913567
8975,#291,m1,UV,18.24913567
7615,#282,m1,UV,18.2493599
3380,#022,m1,UV,18.25083256
9452,#303,m1,UV,18.25632575
11906,#974,m1,UV,18.25677195
3431,#022,m1,UV,18.25721801
10208,#317,m1,UV,18.25734543
367,#003,m1,UV,18.25810973
6167,#263,m1,UV,18.2592554
4704,#258,m1,UV,18.26119462
7497,#282,m1,UV,18.26724978
1116,#006,m1,UV,18.26800884
7224,#281,m1,UV,18.26826177
8520,#289,m1,UV,18.2687675
4256,#131,m1,UV,18.26939942
11072,#970,m1,UV,18.27274396
8565,#289,m1,UV,18.27305908
11894,#974,m1,UV,18.27334263
1444,#006,m1,UV,18.27740076
8981,#291,m1,UV,18.27809171
1429,#006,m1,UV,18.28338842
212,#003,m1,UV,18.28370123
1891,#009,m1,UV,18.28376378
7594,#282,m1,UV,18.28504553
3610,#022,m1,UV,18.28785512
1215,#006,m1,UV,18.28938249
5084,#258,m1,UV,18.29112608
7283,#282,m1,UV,18.29165497
10822,#970,m1,UV,18.2928054
8248,#289,m1,UV,18.29352008
7393,#282,m1,UV,18.29432755
4592,#258,m1,UV,18.29622022
8442,#289,m1,UV,18.29848195
6163,#263,m1,UV,18.29916288
11206,#970,m1,UV,18.30145091
3377,#022,m1,UV,18.30166716
10833,#970,m1,UV,18.30188337
5133,#258,m1,UV,18.30358108
342,#003,m1,UV,18.30453709
6012,#263,m1,UV,18.30850853
8939,#291,m1,UV,18.30881594
1107,#006,m1,UV,18.31102734
9521,#303,m1,UV,18.3113649
1190,#006,m1,UV,18.31461366
2461,#009,m1,UV,18.31641877
7286,#282,m1,UV,18.31687733
4771,#258,m1,UV,18.31782458
5132,#258,m1,UV,18.3182827
57,#003,m1,UV,18.31953415
1254,#006,m1,UV,18.32322114
4603,#258,m1,UV,18.32489394
1417,#006,m1,UV,18.32519787
5970,#263,m1,UV,18.32726294
3333,#022,m1,UV,18.32959777
4641,#258,m1,UV,18.3354938
10980,#970,m1,UV,18.34154612
1355,#006,m1,UV,18.34235719
4586,#258,m1,UV,18.34331787
10838,#970,m1,UV,18.34691472
7485,#282,m1,UV,18.34721405
12100,#974,m1,UV,18.35330692
6974,#281,m1,UV,18.35458793
12002,#974,m1,UV,18.35518336
2443,#009,m1,UV,18.35542146
10911,#970,m1,UV,18.35565953
4288,#131,m1,UV,18.35616528
10867,#970,m1,UV,18.35794888
6972,#281,m1,UV,18.36245749
4588,#258,m1,UV,18.36470652
7494,#282,m1,UV,18.36624332
2270,#009,m1,UV,18.36627286
7492,#282,m1,UV,18.36795551
4862,#258,m1,UV,18.37063778
6108,#263,m1,UV,18.37066723
6945,#281,m1,UV,18.37093223
11210,#970,m1,UV,18.37219769
10303,#317,m1,UV,18.37484273
5941,#263,m1,UV,18.37651542
6161,#263,m1,UV,18.3773657
8247,#289,m1,UV,18.38058633
5060,#258,m1,UV,18.38321605
4542,#258,m1,UV,18.38403321
6107,#263,m1,UV,18.38560786
2446,#009,m1,UV,18.38642366
1002,#006,m1,UV,18.38822845
12161,#974,m1,UV,18.38834481
8324,#289,m1,UV,18.38976947
7365,#282,m1,UV,18.38985664
11158,#970,m1,UV,18.39090237
8935,#291,m1,UV,18.39212143
11008,#970,m1,UV,18.39229549
294,#003,m1,UV,18.3923245
261,#003,m1,UV,18.39249854
3368,#022,m1,UV,18.39290456
2464,#009,m1,UV,18.39539616
11836,#974,m1,UV,18.39655358
5054,#258,m1,UV,18.39802795
4780,#258,m1,UV,18.39866348
9454,#303,m1,UV,18.40039534
6103,#263,m1,UV,18.40131815
11846,#974,m1,UV,18.40175051
4555,#258,m1,UV,18.40483095
6903,#281,m1,UV,18.40526226
11020,#970,m1,UV,18.4054635
4789,#258,m1,UV,18.40827784
2115,#009,m1,UV,18.40885152
156,#003,m1,UV,18.4095683
9468,#303,m1,UV,18.4099982
11954,#974,m1,UV,18.41148752
10256,#317,m1,UV,18.41197408
5841,#263,m1,UV,18.41657398
4850,#258,m1,UV,18.4167166
3311,#022,m1,UV,18.41905355
4367,#131,m1,UV,18.42186995
3479,#022,m1,UV,18.42317672
8316,#289,m1,UV,18.42343225
12081,#974,m1,UV,18.42346064
6881,#281,m1,UV,18.42419858
2396,#009,m1,UV,18.42555993
8353,#289,m1,UV,18.43071009
1278,#006,m1,UV,18.43138787
227,#003,m1,UV,18.43262962
5975,#263,m1,UV,18.4332783
6114,#263,m1,UV,18.43415214
9476,#303,m1,UV,18.43468745
3309,#022,m1,UV,18.43592637
7686,#282,m1,UV,18.43674235
11935,#974,m1,UV,18.43983326
3216,#022,m1,UV,18.44115191
6942,#281,m1,UV,18.44691732
5125,#258,m1,UV,18.44811788
5937,#263,m1,UV,18.45271543
11287,#970,m1,UV,18.45349417
4657,#258,m1,UV,18.45354977
7682,#282,m1,UV,18.45357758
2114,#009,m1,UV,18.45757566
2043,#009,m1,UV,18.46222612
7444,#282,m1,UV,18.46288925
11284,#970,m1,UV,18.46333117
10309,#317,m1,UV,18.46355208
1078,#006,m1,UV,18.46611765
1239,#006,m1,UV,18.46928385
8472,#289,m1,UV,18.4735952
7335,#282,m1,UV,18.47419831
3374,#022,m1,UV,18.47441756
2263,#009,m1,UV,18.47474637
1270,#006,m1,UV,18.47614299
5894,#263,m1,UV,18.47630721
7676,#282,m1,UV,18.48179779
4472,#131,m1,UV,18.48201589
7371,#282,m1,UV,18.48405896
3215,#022,m1,UV,18.4842495
3224,#022,m1,UV,18.48525622
10968,#970,m1,UV,18.48661553
1970,#009,m1,UV,18.48916758
11018,#970,m1,UV,18.4897371
4973,#258,m1,UV,18.48992689
4360,#131,m1,UV,18.49228364
6964,#281,m1,UV,18.49471761
4655,#258,m1,UV,18.49474463
9656,#303,m1,UV,18.49676977
12028,#974,m1,UV,18.49846869
9575,#303,m1,UV,18.50145717
11212,#970,m1,UV,18.50366091
10854,#970,m1,UV,18.50779056
11980,#974,m1,UV,18.51108045
4435,#131,m1,UV,18.51180162
9640,#303,m1,UV,18.51201523
73,#003,m1,UV,18.5156684
5121,#258,m1,UV,18.51811644
5122,#258,m1,UV,18.51811644
10827,#970,m1,UV,18.52063996
8937,#291,m1,UV,18.5208788
4979,#258,m1,UV,18.52119719
8252,#289,m1,UV,18.52209893
152,#003,m1,UV,18.52405958
7666,#282,m1,UV,18.52847452
1051,#006,m1,UV,18.52889681
6005,#263,m1,UV,18.53016291
10109,#317,m1,UV,18.53061105
11056,#970,m1,UV,18.53382307
355,#003,m1,UV,18.53453296
7764,#282,m1,UV,18.53791984
11897,#974,m1,UV,18.53831315
2307,#009,m1,UV,18.53896843
2345,#009,m1,UV,18.54064458
1428,#006,m1,UV,18.54135112
150,#003,m1,UV,18.54258021
4936,#258,m1,UV,18.54289385
10089,#317,m1,UV,18.54386048
1995,#009,m1,UV,18.54477426
1999,#009,m1,UV,18.55006282
7679,#282,m1,UV,18.55424346
3493,#022,m1,UV,18.55481379
3505,#022,m1,UV,18.55665285
6112,#263,m1,UV,18.55869639
10174,#317,m1,UV,18.55872224
3277,#022,m1,UV,18.56042724
1316,#006,m1,UV,18.56117578
10828,#970,m1,UV,18.56527292
4783,#258,m1,UV,18.5671758
7481,#282,m1,UV,18.5671758
12159,#974,m1,UV,18.57202451
11279,#970,m1,UV,18.57299742
4790,#258,m1,UV,18.5785407
6154,#263,m1,UV,18.58141889
2382,#009,m1,UV,18.58266517
9406,#303,m1,UV,18.58274143
8432,#289,m1,UV,18.58317354
8506,#289,m1,UV,18.58543365
4794,#258,m1,UV,18.58703136
7687,#282,m1,UV,18.58801953
12007,#974,m1,UV,18.58905765
1193,#006,m1,UV,18.59247058
12110,#974,m1,UV,18.59317744
7699,#282,m1,UV,18.59363166
3560,#022,m1,UV,18.59501869
8476,#289,m1,UV,18.59514471
5973,#263,m1,UV,18.59527073
6994,#281,m1,UV,18.59557312
7488,#282,m1,UV,18.59718482
5068,#258,m1,UV,18.59912151
7367,#282,m1,UV,18.59937284
4727,#258,m1,UV,18.59964925
1426,#006,m1,UV,18.60062882
332,#003,m1,UV,18.60200913
3394,#022,m1,UV,18.60228504
11016,#970,m1,UV,18.60373894
3259,#022,m1,UV,18.60431508
1257,#006,m1,UV,18.60601711
3332,#022,m1,UV,18.60739228
173,#003,m1,UV,18.61068736
3250,#022,m1,UV,18.61108626
9048,#291,m1,UV,18.6139003
1315,#006,m1,UV,18.61752804
2445,#009,m1,UV,18.61765211
3427,#022,m1,UV,18.61827233
5848,#263,m1,UV,18.61864434
1205,#006,m1,UV,18.62003231
3633,#022,m1,UV,18.62613836
9022,#291,m1,UV,18.62631103
7508,#282,m1,UV,18.62685357
10259,#317,m1,UV,18.62936634
7416,#282,m1,UV,18.62995694
11274,#970,m1,UV,18.6357762
6026,#263,m1,UV,18.63793097
11860,#974,m1,UV,18.6399848
11936,#974,m1,UV,18.6421577
10913,#970,m1,UV,18.64461962
1265,#006,m1,UV,18.64466833
7763,#282,m1,UV,18.64476574
7430,#282,m1,UV,18.6459585
12117,#974,m1,UV,18.65510264
10314,#317,m1,UV,18.66038799
193,#003,m1,UV,18.66670976
3401,#022,m1,UV,18.66790849
10308,#317,m1,UV,18.67082922
11066,#970,m1,UV,18.67412588
11203,#970,m1,UV,18.67727218
10910,#970,m1,UV,18.67758167
9570,#303,m1,UV,18.67931835
9630,#303,m1,UV,18.68352055
1152,#006,m1,UV,18.68588928
9424,#303,m1,UV,18.68600761
9566,#303,m1,UV,18.68626791
7863,#282,m1,UV,18.68645719
7820,#282,m1,UV,18.68766327
10148,#317,m1,UV,18.68818323
231,#003,m1,UV,18.69030838
2304,#009,m1,UV,18.69148767
7561,#282,m1,UV,18.69228904
7428,#282,m1,UV,18.69283089
2104,#009,m1,UV,18.69692351
4399,#131,m1,UV,18.69826167
5962,#263,m1,UV,18.69945793
9615,#303,m1,UV,18.70044233
10906,#970,m1,UV,18.70109823
10253,#317,m1,UV,18.70163678
10254,#317,m1,UV,18.70163678
1901,#009,m1,UV,18.70477043
153,#003,m1,UV,18.70512079
2045,#009,m1,UV,18.70764087
4846,#258,m1,UV,18.70924861
5127,#258,m1,UV,18.7105754
4933,#258,m1,UV,18.71818662
9350,#303,m1,UV,18.71906582
3609,#022,m1,UV,18.71999072
11015,#970,m1,UV,18.72126148
11974,#974,m1,UV,18.72211572
10922,#970,m1,UV,18.72403017
2057,#009,m1,UV,18.72651745
3228,#022,m1,UV,18.72851799
8936,#291,m1,UV,18.72936795
10279,#317,m1,UV,18.73007969
7055,#281,m1,UV,18.73079109
7482,#282,m1,UV,18.73216698
1959,#009,m1,UV,18.73576105
6917,#281,m1,UV,18.73710937
12057,#974,m1,UV,18.73811408
2473,#009,m1,UV,18.73857054
11244,#970,m1,UV,18.74032654
384,#003,m1,UV,18.74230803
5046,#258,m1,UV,18.74344559
6902,#281,m1,UV,18.74907465
2202,#009,m1,UV,18.74921056
5968,#263,m1,UV,18.75052375
8978,#291,m1,UV,18.75093105
12107,#974,m1,UV,18.75099892
10181,#317,m1,UV,18.75192618
9042,#291,m1,UV,18.7540047
8392,#289,m1,UV,18.75483978
5111,#258,m1,UV,18.75565183
8325,#289,m1,UV,18.75810775
9450,#303,m1,UV,18.76112124
3232,#022,m1,UV,18.76273783
3352,#022,m1,UV,18.76809107
7627,#282,m1,UV,18.77083836
7337,#282,m1,UV,18.77422617
11065,#970,m1,UV,18.7746936
10123,#317,m1,UV,18.77549455
4594,#258,m1,UV,18.77565024
10981,#970,m1,UV,18.77616167
12063,#974,m1,UV,18.77702847
2447,#009,m1,UV,18.77902679
4940,#258,m1,UV,18.78190836
297,#003,m1,UV,18.78250612
9460,#303,m1,UV,18.78250612
3267,#022,m1,UV,18.78286024
4860,#258,m1,UV,18.78445266
4320,#131,m1,UV,18.78540286
1329,#006,m1,UV,18.78730137
1929,#009,m1,UV,18.78910926
8559,#289,m1,UV,18.78932958
5839,#263,m1,UV,18.79045269
3372,#022,m1,UV,18.79451938
10182,#317,m1,UV,18.79861841
1919,#009,m1,UV,18.79962495
1379,#006,m1,UV,18.80074007
8938,#291,m1,UV,18.80765206
2201,#009,m1,UV,18.80778257
7050,#281,m1,UV,18.80821751
7603,#282,m1,UV,18.81494236
5078,#258,m1,UV,18.81537515
9614,#303,m1,UV,18.8165214
8519,#289,m1,UV,18.82010569
9520,#303,m1,UV,18.8237026
8950,#291,m1,UV,18.82512166
335,#003,m1,UV,18.82979899
10959,#970,m1,UV,18.83067697
9009,#291,m1,UV,18.83748996
4895,#258,m1,UV,18.84227608
6965,#281,m1,UV,18.84282812
163,#003,m1,UV,18.84287058
4775,#258,m1,UV,18.84717337
1200,#006,m1,UV,18.84799855
2127,#009,m1,UV,18.84943619
2183,#009,m1,UV,18.85066128
10206,#317,m1,UV,18.85365626
11976,#974,m1,UV,18.85828413
426,#003,m1,UV,18.85872511
3612,#022,m1,UV,18.8616196
2410,#009,m1,UV,18.86180817
6081,#263,m1,UV,18.8659087
4709,#258,m1,UV,18.86995595
5826,#263,m1,UV,18.87051832
4419,#131,m1,UV,18.87247452
7205,#281,m1,UV,18.87683519
8941,#291,m1,UV,18.87689739
6963,#281,m1,UV,18.87824439
4983,#258,m1,UV,18.88520801
10258,#317,m1,UV,18.88526985
3433,#022,m1,UV,18.88716499
2265,#009,m1,UV,18.89263045
9706,#303,m1,UV,18.89343004
12101,#974,m1,UV,18.89721694
7284,#282,m1,UV,18.89950473
6997,#281,m1,UV,18.90036171
4644,#258,m1,UV,18.90136089
2484,#009,m1,UV,18.90278708
6916,#281,m1,UV,18.90307215
11839,#974,m1,UV,18.90323502
11280,#970,m1,UV,18.90455767
11281,#970,m1,UV,18.90455767
1185,#006,m1,UV,18.91313557
1179,#006,m1,UV,18.91390367
9580,#303,m1,UV,18.91727443
5117,#258,m1,UV,18.92248661
228,#003,m1,UV,18.9242332
7509,#282,m1,UV,18.92633834
2456,#009,m1,UV,18.92741979
3345,#022,m1,UV,18.9283604
6969,#281,m1,UV,18.93329351
11283,#970,m1,UV,18.93329351
1887,#009,m1,UV,18.9333932
12005,#974,m1,UV,18.93838864
7208,#281,m1,UV,18.93918313
9455,#303,m1,UV,18.94382215
4844,#258,m1,UV,18.94556289
10304,#317,m1,UV,18.94564196
4430,#131,m1,UV,18.94868304
3325,#022,m1,UV,18.94964931
5925,#263,m1,UV,18.9497873
9601,#303,m1,UV,18.95037852
4923,#258,m1,UV,18.95348828
286,#003,m1,UV,18.95482461
10108,#317,m1,UV,18.96052933
7560,#282,m1,UV,18.9614877
10986,#970,m1,UV,18.96221095
419,#003,m1,UV,18.96240636
11022,#970,m1,UV,18.9650028
16,#003,m1,UV,18.96800339
2187,#009,m1,UV,18.96860665
4993,#258,m1,UV,18.96992904
1134,#006,m1,UV,18.97008454
2061,#009,m1,UV,18.9725508
4914,#258,m1,UV,18.97425724
1064,#006,m1,UV,18.97592294
7621,#282,m1,UV,18.97638745
12014,#974,m1,UV,18.97793472
5119,#258,m1,UV,18.98605
7440,#282,m1,UV,18.98779815
3526,#022,m1,UV,18.98940995
3417,#022,m1,UV,18.98965924
1131,#006,m1,UV,18.98987014
4858,#258,m1,UV,18.9905793
5041,#258,m1,UV,18.99868113
7862,#282,m1,UV,19.00001433
1120,#006,m1,UV,19.00115609
3549,#022,m1,UV,19.00191677
10856,#970,m1,UV,19.00267704
1081,#006,m1,UV,19.00546761
11217,#970,m1,UV,19.00866916
2359,#009,m1,UV,19.00889622
6158,#263,m1,UV,19.01992223
7720,#282,m1,UV,19.0202977
8947,#291,m1,UV,19.02166735
998,#006,m1,UV,19.02254849
11887,#974,m1,UV,19.02402834
11888,#974,m1,UV,19.02402834
1358,#006,m1,UV,19.02507643
10952,#970,m1,UV,19.02857079
9513,#303,m1,UV,19.03181465
3478,#022,m1,UV,19.03404755
5945,#263,m1,UV,19.0343636
2339,#009,m1,UV,19.03674103
439,#003,m1,UV,19.03742753
1247,#006,m1,UV,19.03792828
1180,#006,m1,UV,19.03861422
9565,#303,m1,UV,19.03939245
4640,#258,m1,UV,19.0407626
10215,#317,m1,UV,19.04851458
11300,#970,m1,UV,19.0507218
8279,#289,m1,UV,19.05679261
6866,#281,m1,UV,19.05690242
2129,#009,m1,UV,19.05693902
202,#003,m1,UV,19.06183521
7618,#282,m1,UV,19.06325711
1017,#006,m1,UV,19.06409501
2121,#009,m1,UV,19.06602396
11200,#970,m1,UV,19.06626035
7373,#282,m1,UV,19.06804115
2113,#009,m1,UV,19.06880367
346,#003,m1,UV,19.07103446
8997,#291,m1,UV,19.07103446
2119,#009,m1,UV,19.07128815
1362,#006,m1,UV,19.07443747
2326,#009,m1,UV,19.07738147
11080,#970,m1,UV,19.08105754
4591,#258,m1,UV,19.08114752
264,#003,m1,UV,19.08549597
10177,#317,m1,UV,19.09254775
4980,#258,m1,UV,19.09315467
9686,#303,m1,UV,19.09374349
4705,#258,m1,UV,19.09540161
1361,#006,m1,UV,19.09614981
7462,#282,m1,UV,19.09705782
12155,#974,m1,UV,19.10050661
4848,#258,m1,UV,19.10433682
3481,#022,m1,UV,19.10479718
1140,#006,m1,UV,19.11471229
5004,#258,m1,UV,19.11622355
7222,#281,m1,UV,19.11632893
5120,#258,m1,UV,19.1188031
5927,#263,m1,UV,19.12185049
7280,#282,m1,UV,19.12228781
11075,#970,m1,UV,19.12911023
1194,#006,m1,UV,19.13243123
1236,#006,m1,UV,19.1337679
4507,#131,m1,UV,19.13437507
7429,#282,m1,UV,19.14043275
6999,#281,m1,UV,19.14120975
170,#003,m1,UV,19.1463103
205,#003,m1,UV,19.14890534
7619,#282,m1,UV,19.14972927
3473,#022,m1,UV,19.15020969
4921,#258,m1,UV,19.15036407
5140,#258,m1,UV,19.15756742
1183,#006,m1,UV,19.15923907
1188,#006,m1,UV,19.16034674
4977,#258,m1,UV,19.16561783
7450,#282,m1,UV,19.1668902
4798,#258,m1,UV,19.16694107
4252,#131,m1,UV,19.17164741
10900,#970,m1,UV,19.173134
15,#003,m1,UV,19.17544529
10252,#317,m1,UV,19.17566442
291,#003,m1,UV,19.17601833
8571,#289,m1,UV,19.17903143
229,#003,m1,UV,19.18198791
3272,#022,m1,UV,19.18228994
4,#003,m1,UV,19.18649495
12006,#974,m1,UV,19.18679603
8407,#289,m1,UV,19.19075446
7000,#281,m1,UV,19.19210485
4986,#258,m1,UV,19.20377214
10950,#970,m1,UV,19.20408617
4524,#131,m1,UV,19.20629894
8954,#291,m1,UV,19.20768433
3620,#022,m1,UV,19.20964468
2232,#009,m1,UV,19.21321259
3387,#022,m1,UV,19.22332567
11978,#974,m1,UV,19.2244993
7053,#281,m1,UV,19.22537889
7132,#281,m1,UV,19.22778688
8949,#291,m1,UV,19.229233
1113,#006,m1,UV,19.23477653
5971,#263,m1,UV,19.23657118
90,#003,m1,UV,19.23886378
7128,#281,m1,UV,19.23997648
7675,#282,m1,UV,19.24194177
3321,#022,m1,UV,19.24231197
9000,#291,m1,UV,19.24584827
5112,#258,m1,UV,19.24948802
6123,#263,m1,UV,19.25434806
1110,#006,m1,UV,19.25936674
3223,#022,m1,UV,19.25947807
12051,#974,m1,UV,19.26044785
4707,#258,m1,UV,19.26101988
4708,#258,m1,UV,19.26101988
4315,#131,m1,UV,19.26143287
3324,#022,m1,UV,19.26344846
1894,#009,m1,UV,19.26677516
8405,#289,m1,UV,19.2673605
1015,#006,m1,UV,19.26911509
9606,#303,m1,UV,19.27018893
7765,#282,m1,UV,19.27223962
3233,#022,m1,UV,19.27342139
10264,#317,m1,UV,19.27383084
151,#003,m1,UV,19.27469661
12092,#974,m1,UV,19.27664663
1963,#009,m1,UV,19.28299732
6968,#281,m1,UV,19.28431101
6996,#281,m1,UV,19.29008329
12162,#974,m1,UV,19.29120387
4654,#258,m1,UV,19.29348901
1191,#006,m1,UV,19.2961427
2185,#009,m1,UV,19.29642175
3555,#022,m1,UV,19.29687122
3485,#022,m1,UV,19.29889983
8502,#289,m1,UV,19.30793965
9516,#303,m1,UV,19.31514931
3482,#022,m1,UV,19.31579183
2178,#009,m1,UV,19.31961042
1367,#006,m1,UV,19.32357107
5991,#263,m1,UV,19.32363192
2124,#009,m1,UV,19.32571442
11293,#970,m1,UV,19.32668624
3389,#022,m1,UV,19.32726294
8420,#289,m1,UV,19.32941597
1904,#009,m1,UV,19.33963681
8557,#289,m1,UV,19.34327285
4922,#258,m1,UV,19.34525229
11929,#974,m1,UV,19.34558193
8425,#289,m1,UV,19.3458366
2286,#009,m1,UV,19.34826123
4332,#131,m1,UV,19.349965
7051,#281,m1,UV,19.35160709
7525,#282,m1,UV,19.35521312
7451,#282,m1,UV,19.35533218
2269,#009,m1,UV,19.3562099
8959,#291,m1,UV,19.35634374
5938,#263,m1,UV,19.35735459
3305,#022,m1,UV,19.36764569
11834,#974,m1,UV,19.36797026
2128,#009,m1,UV,19.37057888
1359,#006,m1,UV,19.37774669
8428,#289,m1,UV,19.38120036
1114,#006,m1,UV,19.38533096
6898,#281,m1,UV,19.38581185
6899,#281,m1,UV,19.38581185
1007,#006,m1,UV,19.38779201
3613,#022,m1,UV,19.38934803
3576,#022,m1,UV,19.38978399
11208,#970,m1,UV,19.39071361
3370,#022,m1,UV,19.3939191
11841,#974,m1,UV,19.39491846
10993,#970,m1,UV,19.39503428
11214,#970,m1,UV,19.39530932
7672,#282,m1,UV,19.39551195
4451,#131,m1,UV,19.39922657
1430,#006,m1,UV,19.39942864
3320,#022,m1,UV,19.39963069
1013,#006,m1,UV,19.4014767
11085,#970,m1,UV,19.40203868
1435,#006,m1,UV,19.40344988
1307,#006,m1,UV,19.40806265
9339,#303,m1,UV,19.4088085
1056,#006,m1,UV,19.40882284
10284,#317,m1,UV,19.41281802
11269,#970,m1,UV,19.41848391
3295,#022,m1,UV,19.41945216
2262,#009,m1,UV,19.42538983
8980,#291,m1,UV,19.42748632
3462,#022,m1,UV,19.42965044
4856,#258,m1,UV,19.43231928
4645,#258,m1,UV,19.43636256
9550,#303,m1,UV,19.43702362
4774,#258,m1,UV,19.43852746
7281,#282,m1,UV,19.44047871
1106,#006,m1,UV,19.44461112
7279,#282,m1,UV,19.45260415
3622,#022,m1,UV,19.45386948
8972,#291,m1,UV,19.45944595
1893,#009,m1,UV,19.46171475
10146,#317,m1,UV,19.46204647
101,#003,m1,UV,19.464118
4976,#258,m1,UV,19.46574552
3225,#022,m1,UV,19.46742627
1142,#006,m1,UV,19.47023235
9020,#291,m1,UV,19.47315641
5050,#258,m1,UV,19.47366374
10165,#317,m1,UV,19.47693655
4388,#131,m1,UV,19.47947845
11010,#970,m1,UV,19.48295606
9659,#303,m1,UV,19.49660786
4587,#258,m1,UV,19.50106714
9047,#291,m1,UV,19.51413626
8479,#289,m1,UV,19.51682641
10275,#317,m1,UV,19.52285436
8250,#289,m1,UV,19.52391395
3535,#022,m1,UV,19.52851412
5893,#263,m1,UV,19.53767069
3539,#022,m1,UV,19.53795918
10147,#317,m1,UV,19.54288078
1968,#009,m1,UV,19.54336418
5859,#263,m1,UV,19.54352092
3265,#022,m1,UV,19.54421301
12111,#974,m1,UV,19.54485256
2458,#009,m1,UV,19.54934753
11196,#970,m1,UV,19.55115459
11998,#974,m1,UV,19.55748096
4437,#131,m1,UV,19.55958791
5114,#258,m1,UV,19.56307118
4647,#258,m1,UV,19.5640759
3373,#022,m1,UV,19.56532438
4892,#258,m1,UV,19.56649465
1059,#006,m1,UV,19.56754837
7810,#282,m1,UV,19.57184522
9692,#303,m1,UV,19.57297183
6923,#281,m1,UV,19.57370109
9718,#303,m1,UV,19.57711222
2105,#009,m1,UV,19.57763531
6160,#263,m1,UV,19.57948375
3292,#022,m1,UV,19.58370714
8214,#289,m1,UV,19.58525601
284,#003,m1,UV,19.59014561
10846,#970,m1,UV,19.59191495
4715,#258,m1,UV,19.60101795
6023,#263,m1,UV,19.60209693
420,#003,m1,UV,19.60582949
12053,#974,m1,UV,19.6129546
12054,#974,m1,UV,19.6129546
12055,#974,m1,UV,19.6129546
12056,#974,m1,UV,19.6129546
4989,#258,m1,UV,19.61345241
2053,#009,m1,UV,19.61703163
11276,#970,m1,UV,19.62375587
6152,#263,m1,UV,19.62448461
6896,#281,m1,UV,19.62478095
3217,#022,m1,UV,19.62548449
2273,#009,m1,UV,19.63241518
2039,#009,m1,UV,19.63392493
1207,#006,m1,UV,19.63648665
6918,#281,m1,UV,19.63785757
4913,#258,m1,UV,19.64510663
10914,#970,m1,UV,19.64519184
8979,#291,m1,UV,19.64536224
2363,#009,m1,UV,19.6491789
5993,#263,m1,UV,19.65437711
1964,#009,m1,UV,19.6647537
8510,#289,m1,UV,19.66758493
7607,#282,m1,UV,19.66818406
4653,#258,m1,UV,19.66867516
9602,#303,m1,UV,19.67515156
6,#003,m1,UV,19.68645719
4894,#258,m1,UV,19.69563112
1436,#006,m1,UV,19.6971701
296,#003,m1,UV,19.70195279
9340,#303,m1,UV,19.70354351
11937,#974,m1,UV,19.70766418
8275,#289,m1,UV,19.71021473
7717,#282,m1,UV,19.71482686
214,#003,m1,UV,19.71693631
5044,#258,m1,UV,19.72660949
12093,#974,m1,UV,19.72866734
4463,#131,m1,UV,19.73098609
10122,#317,m1,UV,19.73143334
2116,#009,m1,UV,19.73552096
7604,#282,m1,UV,19.73787438
10086,#317,m1,UV,19.74795286
10087,#317,m1,UV,19.74795286
8971,#291,m1,UV,19.75020689
6159,#263,m1,UV,19.75409501
2453,#009,m1,UV,19.75765744
4526,#131,m1,UV,19.76105384
10085,#317,m1,UV,19.76567449
4324,#131,m1,UV,19.76697278
6022,#263,m1,UV,19.77108379
357,#003,m1,UV,19.77117303
4997,#258,m1,UV,19.77501626
3528,#022,m1,UV,19.77869392
6042,#263,m1,UV,19.78382254
6867,#281,m1,UV,19.79041967
4773,#258,m1,UV,19.79386069
7683,#282,m1,UV,19.79615381
7684,#282,m1,UV,19.79615381
8517,#289,m1,UV,19.80343685
5992,#263,m1,UV,19.80728222
4857,#258,m1,UV,19.80901093
11147,#970,m1,UV,19.81164893
11148,#970,m1,UV,19.81164893
6870,#281,m1,UV,19.81265726
2287,#009,m1,UV,19.81670515
1437,#006,m1,UV,19.82007334
5128,#258,m1,UV,19.82011647
9611,#303,m1,UV,19.82429405
5833,#263,m1,UV,19.83197157
5829,#263,m1,UV,19.83482413
3474,#022,m1,UV,19.8351763
9682,#303,m1,UV,19.83548571
1309,#006,m1,UV,19.84225484
4768,#258,m1,UV,19.84278566
9631,#303,m1,UV,19.84285996
2357,#009,m1,UV,19.84541565
2358,#009,m1,UV,19.84541565
9561,#303,m1,UV,19.84591353
11932,#974,m1,UV,19.84824178
11889,#974,m1,UV,19.85213846
11890,#974,m1,UV,19.85213846
4987,#258,m1,UV,19.85609826
295,#003,m1,UV,19.8580846
11081,#970,m1,UV,19.86126335
2064,#009,m1,UV,19.86651442
11891,#974,m1,UV,19.87350358
11892,#974,m1,UV,19.87350358
8953,#291,m1,UV,19.87604709
9004,#291,m1,UV,19.88169941
3416,#022,m1,UV,19.88418727
9448,#303,m1,UV,19.90289908
3375,#022,m1,UV,19.91068705
8507,#289,m1,UV,19.92993004
4527,#131,m1,UV,19.93260549
10842,#970,m1,UV,19.93494742
9458,#303,m1,UV,19.94336684
2179,#009,m1,UV,19.94684731
3621,#022,m1,UV,19.95043763
4906,#258,m1,UV,19.95181614
5831,#263,m1,UV,19.95395024
11057,#970,m1,UV,19.97625198
1256,#006,m1,UV,19.97908443
289,#003,m1,UV,19.98503087
2355,#009,m1,UV,19.98514628
4842,#258,m1,UV,19.99328816
3280,#022,m1,UV,19.9946359
2218,#009,m1,UV,19.99678396
3471,#022,m1,UV,19.99875735
6872,#281,m1,UV,20.00636817
10190,#317,m1,UV,20.01016331
418,#003,m1,UV,20.01805281
6865,#281,m1,UV,20.02132975
5923,#263,m1,UV,20.02224859
4652,#258,m1,UV,20.02253912
2266,#009,m1,UV,20.02666582
4389,#131,m1,UV,20.02900932
6869,#281,m1,UV,20.03320131
2174,#009,m1,UV,20.03675031
12157,#974,m1,UV,20.05218223
9417,#303,m1,UV,20.05753366
4853,#258,m1,UV,20.06280152
3536,#022,m1,UV,20.06367612
2482,#009,m1,UV,20.07413008
5850,#263,m1,UV,20.07441035
5851,#263,m1,UV,20.07441035
8320,#289,m1,UV,20.07774228
1061,#006,m1,UV,20.09932535
1364,#006,m1,UV,20.10161594
10902,#970,m1,UV,20.11164976
2268,#009,m1,UV,20.116566
10176,#317,m1,UV,20.12028382
5058,#258,m1,UV,20.13585722
1895,#009,m1,UV,20.13591786
350,#003,m1,UV,20.13814248
1888,#009,m1,UV,20.14256419
7623,#282,m1,UV,20.1502783
1187,#006,m1,UV,20.16417444
1965,#009,m1,UV,20.16662734
5830,#263,m1,UV,20.16907607
9353,#303,m1,UV,20.16998164
1235,#006,m1,UV,20.17246691
10306,#317,m1,UV,20.17675956
4851,#258,m1,UV,20.18625236
9344,#303,m1,UV,20.19909498
11831,#974,m1,UV,20.20033819
11201,#970,m1,UV,20.21273628
4717,#258,m1,UV,20.22128586
4635,#258,m1,UV,20.22364362
7374,#282,m1,UV,20.22960647
2184,#009,m1,UV,20.23482506
11844,#974,m1,UV,20.23632071
2258,#009,m1,UV,20.24198201
4540,#258,m1,UV,20.25247952
2366,#009,m1,UV,20.26563544
4917,#258,m1,UV,20.27007053
7511,#282,m1,UV,20.27762064
4330,#131,m1,UV,20.278233
10962,#970,m1,UV,20.28564693
2212,#009,m1,UV,20.31221611
12087,#974,m1,UV,20.31297487
12088,#974,m1,UV,20.31297487
1259,#006,m1,UV,20.32002223
6153,#263,m1,UV,20.33869626
2200,#009,m1,UV,20.34198175
2194,#009,m1,UV,20.36061274
4528,#131,m1,UV,20.36771946
9519,#303,m1,UV,20.38710072
3418,#022,m1,UV,20.38909366
11837,#974,m1,UV,20.39289006
5116,#258,m1,UV,20.40326276
100,#003,m1,UV,20.40484533
3530,#022,m1,UV,20.41348281
3531,#022,m1,UV,20.41348281
11021,#970,m1,UV,20.41365432
49,#003,m1,UV,20.41827736
4782,#258,m1,UV,20.42460286
9713,#303,m1,UV,20.42507793
9360,#303,m1,UV,20.42871729
3334,#022,m1,UV,20.43041347
11840,#974,m1,UV,20.43572935
8999,#291,m1,UV,20.43679861
10143,#317,m1,UV,20.45390422
10144,#317,m1,UV,20.45390422
8998,#291,m1,UV,20.45466843
9050,#291,m1,UV,20.45929365
9051,#291,m1,UV,20.45929365
2042,#009,m1,UV,20.46827968
2197,#009,m1,UV,20.46995749
3226,#022,m1,UV,20.48486858
2342,#009,m1,UV,20.48653401
11151,#970,m1,UV,20.4921889
3379,#022,m1,UV,20.49327125
5891,#263,m1,UV,20.50502312
5892,#263,m1,UV,20.50502312
2470,#009,m1,UV,20.5061562
1123,#006,m1,UV,20.50840631
4329,#131,m1,UV,20.51554189
11199,#970,m1,UV,20.52786068
3476,#022,m1,UV,20.5411876
11192,#970,m1,UV,20.54218152
11193,#970,m1,UV,20.54218152
7668,#282,m1,UV,20.54401064
7669,#282,m1,UV,20.54401064
7670,#282,m1,UV,20.54401064
10836,#970,m1,UV,20.54607866
4638,#258,m1,UV,20.54921093
10276,#317,m1,UV,20.55704756
7596,#282,m1,UV,20.55816638
1966,#009,m1,UV,20.57032034
1967,#009,m1,UV,20.57032034
6105,#263,m1,UV,20.57610377
6106,#263,m1,UV,20.57610377
3470,#022,m1,UV,20.58866528
10145,#317,m1,UV,20.59815978
7434,#282,m1,UV,20.59933514
7435,#282,m1,UV,20.59933514
7436,#282,m1,UV,20.59933514
7437,#282,m1,UV,20.59933514
3338,#022,m1,UV,20.60334428
1368,#006,m1,UV,20.60934653
11063,#970,m1,UV,20.61395628
10101,#317,m1,UV,20.61866913
10102,#317,m1,UV,20.61866913
10103,#317,m1,UV,20.61866913
10104,#317,m1,UV,20.61866913
10105,#317,m1,UV,20.61866913
9687,#303,m1,UV,20.63512668
1109,#006,m1,UV,20.63637643
10120,#317,m1,UV,20.63911106
2281,#009,m1,UV,20.65271911
1892,#009,m1,UV,20.6568545
2131,#009,m1,UV,20.65741586
51,#003,m1,UV,20.65785634
5997,#263,m1,UV,20.66151978
10967,#970,m1,UV,20.66450149
3275,#022,m1,UV,20.66746508
3468,#022,m1,UV,20.67416167
1369,#006,m1,UV,20.68919307
11211,#970,m1,UV,20.68998981
3467,#022,m1,UV,20.70642221
11145,#970,m1,UV,20.70885267
2117,#009,m1,UV,20.71259815
7613,#282,m1,UV,20.71539509
2261,#009,m1,UV,20.72300406
1112,#006,m1,UV,20.72378812
1910,#009,m1,UV,20.73194349
3329,#022,m1,UV,20.73850208
9008,#291,m1,UV,20.73862188
10119,#317,m1,UV,20.74855352
9562,#303,m1,UV,20.7516492
1176,#006,m1,UV,20.75525715
1177,#006,m1,UV,20.75525715
1178,#006,m1,UV,20.75525715
5828,#263,m1,UV,20.76952679
8944,#291,m1,UV,20.7698506
8945,#291,m1,UV,20.7698506
4310,#131,m1,UV,20.7865511
4311,#131,m1,UV,20.7865511
3319,#022,m1,UV,20.79258638
3523,#022,m1,UV,20.8243693
3347,#022,m1,UV,20.83168814
1004,#006,m1,UV,20.84099602
5827,#263,m1,UV,20.84160698
10843,#970,m1,UV,20.85784827
5055,#258,m1,UV,20.8597273
2260,#009,m1,UV,20.86968509
3227,#022,m1,UV,20.89512002
5942,#263,m1,UV,20.90084609
3271,#022,m1,UV,20.91141597
3472,#022,m1,UV,20.92254185
1014,#006,m1,UV,20.93297447
9001,#291,m1,UV,20.94973802
4900,#258,m1,UV,20.97708876
8503,#289,m1,UV,20.98659292
2107,#009,m1,UV,20.98873379
7714,#282,m1,UV,20.99568169
2211,#009,m1,UV,21.00983246
3475,#022,m1,UV,21.02083258
4539,#258,m1,UV,21.02252975
3489,#022,m1,UV,21.03283849
10972,#970,m1,UV,21.04628093
338,#003,m1,UV,21.04959562
413,#003,m1,UV,21.05199861
46,#003,m1,UV,21.05329263
47,#003,m1,UV,21.05329263
48,#003,m1,UV,21.05329263
8427,#289,m1,UV,21.07316681
7375,#282,m1,UV,21.07456854
7376,#282,m1,UV,21.07456854
7377,#282,m1,UV,21.07456854
2033,#009,m1,UV,21.12627002
10202,#317,m1,UV,21.15140573
3274,#022,m1,UV,21.15526147
2036,#009,m1,UV,21.18107725
9046,#291,m1,UV,21.20722268
2050,#009,m1,UV,21.22573709
1246,#006,m1,UV,21.23780673
1912,#009,m1,UV,21.24159965
2049,#009,m1,UV,21.25057655
4845,#258,m1,UV,21.30852006
1311,#006,m1,UV,21.32477614
1312,#006,m1,UV,21.32477614
1313,#006,m1,UV,21.32477614
10278,#317,m1,UV,21.33393898
10970,#970,m1,UV,21.34832852
2176,#009,m1,UV,21.34880321
6043,#263,m1,UV,21.39762337
6044,#263,m1,UV,21.39762337
10907,#970,m1,UV,21.45013982
3331,#022,m1,UV,21.45455035
4633,#258,m1,UV,21.45784596
3322,#022,m1,UV,21.50324125
2365,#009,m1,UV,21.51450279
11275,#970,m1,UV,21.55683728
4712,#258,m1,UV,21.60803567
4513,#131,m1,UV,21.61184011
4443,#131,m1,UV,21.62165404
4444,#131,m1,UV,21.62165404
4445,#131,m1,UV,21.62165404
4972,#258,m1,UV,21.66671276
1433,#006,m1,UV,21.75167746
1434,#006,m1,UV,21.75167746
5053,#258,m1,UV,21.81654843
2361,#009,m1,UV,21.83515763
9689,#303,m1,UV,21.84094554
5049,#258,m1,UV,21.84745906
3335,#022,m1,UV,21.85293445
3269,#022,m1,UV,21.92847043
3421,#022,m1,UV,21.94301536
2188,#009,m1,UV,22.04537497
9635,#303,m1,UV,22.04935878
3,#003,m1,UV,22.08938408
2203,#009,m1,UV,22.27478709
9661,#303,m1,UV,22.60987677
2028,#009,m1,UV,22.69535633
3420,#022,m1,UV,22.72706385
3318,#022,m1,UV,22.83077598
3414,#022,m1,UV,23.08295049
3415,#022,m1,UV,23.44972521
3221,#022,m1,UV,23.69336076
3222,#022,m1,UV,23.69336076
